6.25
8.91301
16.902
30.217
48.8418
72.4441
99.4064
126.751
151.593
172.172
187.905
199.009
206.246
209.953
212.167
213.47
211.451
207.62
206.451
209.138
212.604
212.482
207.286
199.168
189.549
180.96
176.433
176.934
182.55
192.685
204.865
214.036
216.496
214.151
209.743
205.481
204.393
206.769
208.473
205.998
198.792
189.914
180.419
167.555
150.131
130.116
108.545
85.8363
63.8584
44.3258
28.3033
16.688
9.98202
8.40885
12.0838
21.0568
35.3409
54.9412
79.7829
109.483
142.332
173.821
197.545
211.434
218.831
221.643
221.138
218.613
215.107
211.326
207.457
204.62
205.532
208.429
208.17
202.779
193.972
185.177
179.386
178.064
180.965
186.868
196.039
207.728
217.403
220.371
216.155
208.356
201.779
198.547
198.542
199.94
197.47
188.274
174.939
160.936
146.892
131.539
112.912
92.3055
