0.164397
0.155657
0.13236
0.102168
0.0746335
0.0577127
0.0550114
0.0648068
0.0811465
0.0964945
0.104796
0.10371
0.0951687
0.0841275
0.0761533
0.0749221
0.0806973
0.0903863
0.0990731
0.102299
0.0980657
0.0877074
0.0752752
0.0657576
0.0629328
0.0677894
0.0781756
0.0897871
0.0980261
0.0999108
0.0952231
0.086441
0.0775432
0.0722476
0.0724644
0.0776113
0.0850366
0.0913033
0.0937302
0.0915034
0.0858985
0.0795662
0.07525
0.0745361
0.0771928
0.0813691
0.0845257
0.0846521
0.0812124
0.0754034
0.0696299
0.0664518
0.0674776
0.0726868
0.0804555
0.0882424
0.093614
0.0951592
0.0929226
0.0882165
0.0829504
0.0788107
0.0766551
0.0763566
0.0771049
0.0779639
0.078386
0.0784369
0.0786452
0.0795896
0.0814608
0.0838413
0.0858259
0.0864319
0.0850988
0.0820281
0.0781886
0.0749691
0.073627
0.0747748
0.0781292
0.0826262
0.0868401
0.0895183
0.0900014
0.0883707
0.0852957
0.0816941
0.0783808
0.0758675
0.0743682
0.0739519
0.0747063
0.0767799
0.0802564
0.0849273
0.090111
0.0946685
0.0972791
0.0969032
0.093245
0.0869921
0.0796859
0.0732321
0.0692278
0.0683832
0.0702904
0.0736528
0.0768853
0.0788224
0.0792167
0.0787917
0.0788166
0.0803921
0.0837802
0.0881116
0.0916405
0.092472
0.0894599
0.0828709
0.0744889
0.0670633
0.0632883
0.0647199
0.0710836
0.0802842
0.0891416
0.0945756
0.0947688
0.0898405
0.0817593
0.0735384
0.0680466
0.0669236
0.0700293
0.0756302
0.0812082
0.0845301
0.0845163
0.0815603
0.0771969
0.0733067
0.071234
0.0712196
0.0723888
0.0732774
0.072634
0.0701144
0.0665383
0.063581
0.0630321
0.0659493
0.0720896
0.0798808
0.0869624
0.0910806
0.090966
0.0868325
0.0802937
0.073738
0.0694228
0.068657
0.0713907
0.076352
0.0816427
0.0855243
0.0870626
0.0863835
0.0844657
0.0825975
0.0817538
0.0821676
0.0832683
0.0839938
0.0833233
0.0807911
0.0767617
0.0723535
0.0690466
0.0681366
0.0702473
0.0750839
0.0815069
0.0878867
0.0926029
0.0945147
0.0932583
0.0892968
0.0837349
0.0779792
0.0733572
0.0708005
0.0706655
0.0727187
0.076269
0.0803981
0.0842195
0.0870963
0.0887605
0.0893049
0.0890598
0.0884037
0.0875846
0.086627
0.0853665
0.0836028
0.0812989
0.0787285
0.0764793
0.0752785
0.07569
0.077805
0.0810743
0.0843923
0.0864445
0.086211
0.0834313
0.0788252
0.0739391
0.0706364
0.0704016
0.0737266
0.0798361
0.0868907
0.0926169
0.0951346
0.0936593
0.0887943
0.0822865
0.0763398
0.0727611
0.0722908
0.0743922
0.0775794
0.0801379
0.0809157
0.0798383
0.0779174
0.0767472
0.0777106
0.0812526
0.0865531
0.0917634
0.0947232
0.0938626
0.0889044
0.0810619
0.0726388
0.066189
0.0635839
0.0653646
0.0706329
0.0775024
0.0838916
0.0883106
0.0903113
0.0904405
0.089764
0.0892239
0.0891484
0.0891502
0.0884458
0.0864175
0.0831188
0.0794417
0.076831
0.0766495
0.0794844
0.0847299
0.0906771
0.095115
0.0962124
0.0933086
0.0872606
0.0801778
0.0746362
0.0726898
0.0750923
0.0810493
0.0885977
0.0954353
0.099836
0.101258
0.100403
0.0987245
0.0976529
0.0978976
0.0991606
0.100382
0.100386
0.0985989
0.095475
0.092406
0.0911231
0.0928622
0.0976787
0.104251
0.110296
0.113445
0.112214
0.106633
0.0982608
0.089562
0.0829042
0.0796164
0.079514
0.0810925
0.0822981
0.0815189
0.0783506
0.0737875
0.069756
0.0682048
0.0701715
0.0752574
0.0817588
0.0874029
0.0903579
0.0900559
0.0874445
0.0845405
0.0834734
0.0854459
0.0900873
0.0955073
0.0990509
0.0984425
0.0928237
0.0832301
0.0722879
0.0632467
0.0587545
0.059885
0.0658173
0.0742793
0.0825364
0.0884788
0.0913336
0.0917155
0.0910378
0.0905991
0.0908058
0.0909158
0.0894399
0.085015
0.07733
0.0676398
0.0585722
0.0532499
0.0540656
0.0616239
0.0743194
0.0887662
0.100938
0.107579
0.107322
0.101083
0.0915695
0.0821564
0.0755755
0.0729785
0.0737223
0.075923
0.0774892
0.077156
0.0750586
0.0726066
0.0717378
0.0739072
0.0792788
0.0864948
0.0931359
0.0966831
0.0955693
0.0898744
0.081366
0.0728703
0.0672303
0.0662751
0.0702023
0.0775932
0.0860164
0.0929438
0.0966023
0.0964469
0.0931235
0.088013
0.0826078
0.0780039
0.0746984
0.0727121
0.0718995
0.0722327
0.0738842
0.0770634
0.0817037
0.0871941
0.0923398
0.0956328
0.095759
0.0921423
0.0852862
0.0767414
0.0686785
0.0632091
0.0617041
0.0643668
0.070211
0.0774403
0.0840678
0.0885375
0.0901283
0.0890259
0.0860882
0.082443
0.0790972
0.0766975
0.0754903
0.0754293
0.0763262
0.0779461
0.0800071
0.0821212
0.0837569
0.0843006
0.0832349
0.0803776
0.0760678
0.0711868
0.0669599
0.064583
0.0648023
0.0676157
0.0722271
0.077288
0.0813459
0.0833312
0.0828946
0.0804708
0.0770519
0.0737741
0.0714929
0.0705153
0.0705869
0.0711163
0.0715201
0.0715296
0.071322
0.0714284
0.072469
0.07484
0.0784929
0.0828992
0.0872093
0.0905323
0.0922157
0.0920188
0.0901256
0.0870205
0.0833027
0.0795287
0.0761431
0.0734955
0.071897
0.0716426
0.072954
0.075849
0.0799968
0.084651
0.0887333
0.0910841
0.0908187
0.0876707
0.0821859
0.0756694
0.0698726
0.0665005
0.066689
0.0706251
0.0774395
0.0854162
0.0924642
0.0967103
0.0970369
0.0934058
0.0868735
0.0792947
0.0727993
0.0691927
0.0694478
0.0734325
0.0799525
0.0870999
0.0928127
0.0954839
0.0944391
0.0901316
0.0839874
0.0779384
0.0737905
0.0726313
0.0744847
0.0783376
0.0825368
0.0854203
0.0859481
0.0840943
0.0808395
0.0777573
0.0763472
0.0773795
0.0805212
0.0844132
0.0871899
0.0872514
0.0839797
0.0781034
0.0715362
0.0667267
0.0657518
0.0694998
0.0772669
0.0869338
0.0956673
0.100888
0.101136
0.0965266
0.0886224
0.0798153
0.0724645
0.0681349
0.0672118
0.0689986
0.0722019
0.0755574
0.0783179
0.0804096
0.0822331
0.0842472
0.0865692
0.0887999
0.0901643
0.0898956
0.0876706
0.0838735
0.0795457
0.0760254
0.0744312
0.0752183
0.078008
0.0817669
0.0852536
0.08753
0.088306
0.0879711
0.0873116
0.0870643
0.0875305
0.0884413
0.0891408
0.0889907
0.0877882
0.0859706
0.0844808
0.084333
0.0860739
0.0894043
0.0931709
0.0957763
0.0958596
0.0929569
0.0878371
0.0823315
0.0786876
0.0786952
0.0829409
0.0905169
0.0993201
0.106837
0.111095
0.111391
0.108488
0.10421
0.100612
0.0990802
0.0997601
0.101555
0.102685
0.10156
0.0975771
0.0914831
0.0851359
0.0807574
0.0799928
0.0831756
0.0891137
0.0954883
0.099708
0.0998686
0.0954412
0.0874288
0.0779583
0.069498
0.0640265
0.0624655
0.0645541
0.0691463
0.0747453
0.0800263
0.084148
0.0867886
0.0879801
0.0878977
0.0867452
0.0847867
0.0824613
0.0804495
0.0795763
0.0805301
0.0835034
0.0879372
0.0925454
0.0956785
0.0959267
0.0927208
0.0866573
0.0793634
0.0729157
0.0690298
0.0683677
0.0702794
0.073124
0.0750527
0.0749198
0.0728998
0.0704995
0.0699115
0.0729587
0.0800896
0.0898986
0.0994432
0.105294
0.104916
0.0978066
0.0858808
0.0728879
0.0630508
0.0594584
0.0628706
0.0714431
0.0815047
0.0890777
0.0915103
0.0885335
0.0822914
0.0763307
0.0739832
0.0768431
0.0840084
0.092428
0.0982211
0.0984014
0.0922558
0.0817606
0.0708293
0.0636918
0.0630914
0.0690791
0.0789439
0.0883335
0.0931104
0.0911563
0.0833494
0.0732733
0.0657554
0.0648275
0.0719601
0.0853182
0.100367
0.111598
0.114675
0.108137
0.0939639
0.0767865
0.0620927
0.0541569
0.0545386
0.061723
0.0719969
0.0811355
0.0861597
0.0864235
0.0836078
0.0806823
0.0803397
0.0836239
0.0893663
0.0946795
0.0962849
0.0920813
0.0822584
0.0694481
0.0578254
0.0515147
0.0529578
0.0619155
0.0755124
0.0893064
0.0989434
0.101735
0.0975416
0.0886396
0.078679
0.0711846
0.0682269
0.0697804
0.073983
0.0781263
0.0799195
0.0784775
0.0746293
0.0704513
0.0682551
0.0694897
0.0740314
0.0801638
0.0852511
0.0868197
0.0836036
0.0761265
0.0665919
0.058126
0.0536698
0.0549397
0.0618374
0.0725049
0.0839765
0.0931689
0.0978474
0.0972438
0.092149
0.0845042
0.0766791
0.0707133
0.0677747
0.0679802
0.070583
0.0744033
0.0783121
0.0815912
0.0840576
0.0859452
0.0876274
0.0893149
0.0908626
0.0917682
0.0913645
0.089132
0.0850048
0.0795395
0.0738602
0.0693723
0.0673257
0.0683734
0.0722882
0.0779594
0.0836977
0.087765
0.0889559
0.087025
0.0827932
0.0778808
0.0741459
0.0730275
0.075031
0.0795544
0.0851225
0.0899427
0.0925675
0.0924064
0.0898859
0.0862021
0.0827762
0.0806481
0.0800689
0.080468
0.0808071
0.0801614
0.0782585
0.0757183
0.0738586
0.0741219
0.0773589
0.0832828
0.0903611
0.0962405
0.0985758
0.0959555
0.0885504
0.0782053
0.0679009
0.0607632
0.0589807
0.0630383
0.0715575
0.0818029
0.0906579
0.095696
0.095947
0.0920882
0.0860228
0.0800507
0.0759823
0.0745485
0.0753149
0.0770889
0.0786008
0.0791363
0.0788395
0.0785633
0.0793537
0.0818211
0.0857006
0.0898217
0.0925236
0.0923519
0.0887415
0.0823814
0.0750855
0.0691911
0.0667082
0.0685501
0.074154
0.081651
0.0885313
0.0925559
0.0925712
0.0889161
0.0832718
0.0780139
0.0753153
0.0763404
0.0808269
0.0872075
0.0932143
0.0967348
0.0965952
0.0929851
0.0873704
0.081935
0.078763
0.0790655
0.0827352
0.0883908
0.0938925
0.0971421
0.0968737
0.0931488
0.0873706
0.0818075
0.078789
0.0798591
0.0851905
0.0934726
0.102321
0.109072
0.111679
0.109404
0.103055
0.0946879
0.086895
0.0819339
0.0810185
0.0840176
0.0896487
0.0960631
0.101569
0.105197
0.106893
0.107278
0.107131
0.106834
0.106077
0.103969
0.0995294
0.0923394
0.0830394
0.0733982
0.0658513
0.0626402
0.0648815
0.071961
0.0815508
0.0903096
0.0950458
0.0939108
0.0871488
0.0770807
0.06729
0.0613029
0.0612647
0.0671354
0.0767268
0.0865732
0.09329
0.0948758
0.0914356
0.0850396
0.0787901
0.0754944
0.0765018
0.0811909
0.0873097
0.0920115
0.093129
0.0901329
0.0843576
0.0783991
0.0749473
0.075566
0.0799578
0.0860431
0.0908289
0.0916983
0.0875667
0.0793999
0.0698665
0.0622679
0.0592003
0.0615216
0.0680609
0.0761857
0.0829706
0.0864476
0.0863909
0.0842933
0.0825549
0.083257
0.0870797
0.0928668
0.0980538
0.0997929
0.0962886
0.0877509
0.0765211
0.0662772
0.0606201
0.0616195
0.0689293
0.0798549
0.0903632
0.0966341
0.0965282
0.0903795
0.0808051
0.0716259
0.0663521
0.0668515
0.0727233
0.0815938
0.0901648
0.095548
0.096328
0.0929426
0.0872796
0.0817256
0.0781165
0.0770499
0.0778255
0.0789864
0.0791637
0.0778104
0.0754828
0.0735542
0.0735159
0.0762066
0.0813382
0.0875391
0.0928897
0.095702
0.0951857
0.091705
0.0865277
0.0812056
0.0768917
0.07392
0.0718371
0.0698522
0.0674616
0.0649157
0.0632682
0.0639449
0.0680116
0.0754811
0.0850076
0.0941621
0.100227
0.101207
0.0966407
0.08786
0.0775602
0.0688399
0.064083
0.064131
0.0680716
0.0737122
0.0785269
0.0806747
0.0796711
0.076456
0.0728651
0.0707617
0.0712184
0.0740948
0.0781716
0.0817453
0.0833984
0.08259
0.0798177
0.0763019
0.0733681
0.0718269
0.0716478
0.0720655
0.0720572
0.0709463
0.068836
0.066653
0.0657696
0.0673708
0.0718566
0.0785568
0.0859023
0.0919851
0.0952716
0.0951611
0.0921555
0.0875782
0.0829851
0.0795365
0.0776129
0.0768308
0.0764251
0.075791
0.0749054
0.0744059
0.0752741
0.0782652
0.0833598
0.0895215
0.0949161
0.0975443
0.0960422
0.0903142
0.0817104
0.0726452
0.0657818
0.0630941
0.0651745
0.0710595
0.0786365
0.0854596
0.089642
0.0904709
0.0885197
0.0852437
0.0822638
0.0806604
0.0805788
0.0812994
0.0817149
0.0809785
0.0790164
0.076662
0.0753387
0.0764227
0.0805545
0.0872045
0.0946909
0.100671
0.102931
0.100186
0.0925833
0.0817357
0.0702615
0.061006
0.0562087
0.0568891
0.0626284
0.071781
0.0820087
0.0909438
0.0967769
0.0986211
0.0965924
0.0916388
0.0852046
0.0788407
0.0738521
0.0710509
0.0706444
0.072266
0.0751328
0.0782931
0.0809043
0.0824688
0.0829546
0.082757
0.0825026
0.082762
0.0837747
0.0853044
0.0866952
0.08713
0.0859988
0.0832309
0.0794397
0.0757939
0.0736335
0.0739598
0.0769951
0.0819991
0.0874384
0.0914776
0.0926245
0.0902946
0.0850773
0.0785892
0.0729553
0.070096
0.071076
0.0757482
0.0828161
0.0902855
0.0961341
0.0989561
0.0983605
0.0950007
0.0902552
0.0857039
0.082603
0.0815443
0.0823965
0.0845085
0.0870602
0.0894034
0.091257
0.0927016
0.0940017
0.09536
0.0967254
0.0977471
0.0978981
0.0967193
0.0940813
0.0903514
0.0863882
0.0833478
0.0823534
0.0841322
0.0887374
0.0954507
0.102908
0.109421
0.113418
0.113867
0.110579
0.104276
0.0964209
0.0888306
0.0831907
0.080607
0.0813255
0.0847047
0.0894438
0.0939929
0.0970103
0.097721
0.0960665
0.0926133
0.0882719
0.0839461
0.0802464
0.0773706
0.0751753
0.0733856
0.0718279
0.0705736
0.0699216
0.0702313
0.0716894
0.0741302
0.0770098
0.0795643
0.0810986
0.0812824
0.0803217
0.0789181
0.078018
0.0784479
0.080581
0.0841739
0.0884397
0.0923246
0.0948707
0.0955152
0.0942132
0.0913528
0.0875313
0.0833143
0.0791
0.0751413
0.0716886
0.0691385
0.0680642
0.0690586
0.0724265
0.0778652
0.0843105
0.0900862
0.0933679
0.0928255
0.0881972
0.0805411
0.0720127
0.0652003
0.0622419
0.0640566
0.0700018
0.0781108
0.0858352
0.0910048
0.0926211
0.0911586
0.0882529
0.0859083
0.0855675
0.0874479
0.0904389
0.0926117
0.0921267
0.0881385
0.0812932
0.0735792
0.0675721
0.0653834
0.0677596
0.0737287
0.0809599
0.0866999
0.0888953
0.0870269
0.0822961
0.0770844
0.0739149
0.074366
0.0784048
0.0844286
0.0899907
0.0928877
0.0921252
0.0883322
0.0834386
0.0797592
0.0788968
0.0809635
0.0844846
0.0870502
0.0864418
0.0817405
0.0739146
0.065595
0.0600966
0.060071
0.066349
0.0774653
0.0900846
0.100177
0.104482
0.10168
0.0928263
0.0808784
0.0695552
0.0619843
0.0596816
0.0622318
0.0677301
0.0737341
0.078282
0.0805504
0.0809165
0.0804764
0.0803104
0.0808751
0.0818116
0.0822372
0.08134
0.0789507
0.0757784
0.073167
0.0724714
0.0743472
0.0783067
0.0827833
0.085711
0.0853886
0.0812505
0.0741955
0.0663122
0.0601016
0.0575224
0.0592602
0.0645262
0.0714548
0.0779085
0.0823269
0.0842506
0.0843112
0.0837291
0.083586
0.0842357
0.085136
0.0851791
0.0833488
0.0793719
0.0740319
0.0689673
0.0660295
0.066487
0.0704495
0.0767895
0.0836104
0.0890528
0.0920647
0.0927714
0.0922671
0.0919244
0.0925601
0.0938802
0.0945099
0.0926424
0.0870368
0.0778956
0.0671702
0.0580697
0.0539039
0.0567095
0.0662492
0.0798556
0.0932591
0.10212
0.103672
0.0977998
0.0870985
0.0758536
0.0683484
0.0671798
0.072275
0.0810114
0.0893821
0.0937126
0.0922019
0.0856421
0.0770229
0.0702051
0.0682423
0.0720763
0.0801618
0.0891698
0.0954523
0.096621
0.0925521
0.0853834
0.0785159
0.0750659
0.0764566
0.0817718
0.0881593
0.0921104
0.0910555
0.0845727
0.074674
0.065031
0.0594631
0.0603308
0.0675219
0.0784639
0.0891603
0.0958098
0.0963269
0.0911267
0.0828599
0.0752278
0.0713988
0.072703
0.0781513
0.084963
0.0898497
0.0904888
0.0865446
0.0798058
0.0733903
0.0703711
0.0724183
0.0790388
0.0877337
0.0950033
0.0977748
0.09466
0.0865306
0.0761906
0.0672985
0.062986
0.0647276
0.0718839
0.0820559
0.0920565
0.0990789
0.101599
0.099698
0.0947509
0.0886949
0.0832266
0.0792715
0.0769024
0.0756666
0.0750973
0.0751274
0.0761916
0.0789729
0.0839314
0.0908575
0.0986881
0.105703
0.110051
0.110397
0.106444
0.0991066
0.0902633
0.0821902
0.0768703
0.0754292
0.0778797
0.0832312
0.0898912
0.0961921
0.100859
0.103278
0.103523
0.102171
0.100018
0.0977922
0.0959652
0.0946833
0.0938246
0.0931345
0.0923892
0.0915318
0.0907386
0.090387
0.0909217
0.0926491
0.0955234
0.0990083
0.102097
0.103532
0.10219
0.0975319
0.0899414
0.0808015
0.0722172
0.0664208
0.0650325
0.0684336
0.075505
0.0838744
0.0906366
0.0933208
0.0907669
0.0835781
0.0739594
0.0649755
0.0594868
0.0591525
0.0638756
0.0718975
0.080501
0.0870421
0.0899053
0.0890125
0.0857022
0.0820536
0.0799561
0.0803217
0.0827678
0.0858889
0.087981
0.0878867
0.0855777
0.0822095
0.0796149
0.0794536
0.0823885
0.0876628
0.0932808
0.0967437
0.0960501
0.0905506
0.0812991
0.0707435
0.0618697
0.0571347
0.05761
0.0626664
0.0703087
0.0780038
0.0836528
0.0863113
0.0863832
0.0852403
0.0844661
0.0850695
0.0870168
0.0892789
0.0903632
0.0890826
0.085213
0.0797365
0.0745458
0.0717172
0.0726486
0.0774221
0.0846656
0.0919895
0.0968392
0.0974375
0.0934496
0.0861141
0.0777896
0.0710935
0.0679655
0.0690084
0.073347
0.0790386
0.0838599
0.0861537
0.0854101
0.0823713
0.0786405
0.0759736
0.0755478
0.0775038
0.0809381
0.0843388
0.086275
0.0860468
0.0840185
0.081483
0.0800992
0.0811223
0.0847455
0.0898423
0.0942553
0.0955618
0.0920493
0.08353
0.0716544
0.0595537
0.0508878
0.0486063
0.0538628
0.0654922
0.0802763
0.0939406
0.102554
0.10384
0.097923
0.0872342
0.0756021
0.0668606
0.0634907
0.0658031
0.0719602
0.0788179
0.0832425
0.0833798
0.0793675
0.073213
0.0678921
0.0660468
0.0688231
0.075338
0.0830073
0.0886069
0.0896349
0.0854041
0.0774007
0.0687405
0.0629285
0.0624234
0.0675978
0.0765309
0.0857324
0.0915131
0.0914499
0.0853492
0.0753217
0.0649413
0.0578438
0.0563391
0.0606007
0.0687431
0.0777211
0.0846424
0.087923
0.087799
0.0860016
0.0847746
0.0856997
0.0888766
0.0928348
0.0952253
0.0939778
0.088397
0.0796803
0.0705955
0.0644213
0.0635929
0.0686341
0.0778542
0.0879616
0.0953584
0.0975765
0.0942513
0.0872184
0.0796914
0.0748708
0.0745811
0.0785175
0.0844261
0.0891343
0.0899825
0.0860342
0.0785347
0.070414
0.0650433
0.0647782
0.0699183
0.0785362
0.0872594
0.0926782
0.0927853
0.0878344
0.0802516
0.0736307
0.0712303
0.0745992
0.0828995
0.0932044
0.101644
0.104923
0.101595
0.0925873
0.0807886
0.069905
0.0630607
0.0617172
0.0653149
0.0717297
0.0782957
0.0829295
0.0848813
0.0848249
0.0843032
0.0848186
0.0870003
0.0902232
0.0928433
0.0929368
0.0892142
0.0817114
0.0719589
0.0625522
0.0562923
0.0552269
0.0599549
0.0694333
0.0813304
0.0927662
0.101162
0.104912
0.103699
0.0984028
0.0907143
0.0826094
0.0758608
0.0716907
0.0706042
0.0723838
0.0762073
0.080858
0.0850021
0.0875065
0.0877415
0.0857863
0.0824516
0.0790675
0.0770665
0.0774779
0.0805125
0.0854127
0.0906582
0.094486
0.095548
0.0934541
0.0889734
0.0837924
0.0798998
0.0788298
0.0810621
0.0858253
0.0913941
0.0957663
0.0974524
0.0960564
0.0924137
0.0882308
0.0853818
0.0851521
0.0877419
0.0922262
0.0969735
0.100334
0.101302
0.099874
0.0969718
0.0939806
0.0921242
0.091957
0.0931872
0.0948925
0.0960111
0.095869
0.094499
0.0926068
0.0912078
0.0911104
0.0924912
0.0947669
0.0968286
0.0975385
0.0962679
0.0932295
0.0894477
0.0863667
0.0852547
0.086654
0.090108
0.0942817
0.0974283
0.0980166
0.0952739
0.0894435
0.0816792
0.0736432
0.0669804
0.0628697
0.0617912
0.0635474
0.0674652
0.0726544
0.0782069
0.0832887
0.0871515
0.0891423
0.0887793
0.0859082
0.080879
0.0746348
0.0686137
0.0644335
0.0634314
0.0662114
0.0723803
0.0805987
0.0889572
0.0955595
0.0991045
0.0992513
0.0966352
0.0925376
0.0883533
0.085072
0.0829827
0.0817075
0.0805268
0.0788376
0.0765306
0.0741114
0.0725079
0.0726446
0.0749693
0.0791431
0.0840393
0.0880709
0.0897312
0.0881431
0.08341
0.0766345
0.0695983
0.064221
0.0619888
0.0635432
0.0685506
0.075868
0.0839175
0.0911292
0.0963081
0.0988365
0.0986894
0.0963098
0.0924182
0.0878298
0.0833205
0.079546
0.0769946
0.0759491
0.0764483
0.0782582
0.0808794
0.0836113
0.0856819
0.0864213
0.0854386
0.0827528
0.0788313
0.0745182
0.0708557
0.0688379
0.0691526
0.0719768
0.0768837
0.0828978
0.0887007
0.0929467
0.0946143
0.0932963
0.0893364
0.0837581
0.0779904
0.0734632
0.0711958
0.0715127
0.0739848
0.0776197
0.0812303
0.0838456
0.0850092
0.084851
0.0839153
0.0828256
0.0819406
0.0811629
0.0799945
0.077825
0.0743267
0.0697725
0.0651098
0.0617258
0.0609676
0.0636012
0.0694322
0.0772595
0.0852052
0.0913087
0.0941619
0.0933428
0.0894838
0.0839617
0.0783523
0.0738795
0.0710819
0.0698105
0.069516
0.0696582
0.0700196
0.0707676
0.072245
0.0746114
0.0775491
0.0802202
0.0815448
0.080701
0.077618
0.0732034
0.0691439
0.0673051
0.0689519
0.074119
0.0814312
0.0884994
0.0927772
0.0925507
0.0876576
0.0796211
0.0711199
0.0649925
0.063175
0.0660093
0.0722031
0.0794492
0.0854277
0.0887522
0.0894476
0.0887611
0.088409
0.0896192
0.0924262
0.0955622
0.0970172
0.0950257
0.0890286
0.0801499
0.0709294
0.0643858
0.0627894
0.0666772
0.0745552
0.0834468
0.0900772
0.0921993
0.0894906
0.0836307
0.0775195
0.0739756
0.0744883
0.0785771
0.0840488
0.0880418
0.0883906
0.0846905
0.0785631
0.0729776
0.0709043
0.0738949
0.0812336
0.0900776
0.0965728
0.0975006
0.0917546
0.0809934
0.069148
0.0609422
0.0600108
0.0673859
0.0809828
0.096315
0.108159
0.112505
0.108014
0.0964175
0.0817271
0.0686235
0.060696
0.0592466
0.0630999
0.06942
0.0751157
0.0781898
0.0784579
0.0773677
0.0770662
0.0791899
0.0839576
0.0899814
0.0948743
0.0963582
0.0933555
0.0865601
0.0782254
0.0712628
0.0680521
0.0694867
0.0746645
0.081339
0.0869131
0.0895238
0.0887466
0.0856346
0.0821157
0.0800549
0.0804223
0.0829356
0.0863092
0.0889542
0.0897713
0.0886512
0.0864535
0.0844956
0.0838234
0.0846366
0.0861649
0.0870645
0.0861479
0.0830861
0.0787279
0.0748544
0.0734508
0.0758182
0.0819288
0.090334
0.0986851
0.10465
0.106823
0.105228
0.101201
0.0967038
0.0934126
0.091989
0.0918808
0.091735
0.0902213
0.0868616
0.0824528
0.0788527
0.0781956
0.0818781
0.0897795
0.100093
0.109879
0.116139
0.116957
0.112232
0.103685
0.0941491
0.0864407
0.0823114
0.0819141
0.083985
0.0866204
0.0882601
0.0884101
0.0877715
0.0877325
0.0894869
0.0932264
0.0978248
0.101203
0.101239
0.0968181
0.0885176
0.0785878
0.0701687
0.0660528
0.0675142
0.0737199
0.0820023
0.0889036
0.0915656
0.0888792
0.081905
0.0733858
0.0665625
0.0638042
0.0656458
0.0706418
0.0760928
0.079313
0.0788754
0.0752783
0.0707336
0.0681653
0.0698534
0.076323
0.0859752
0.0956393
0.10183
0.102186
0.0964841
0.0867972
0.0767225
0.0699897
0.0690165
0.0739911
0.0828418
0.0920845
0.0981902
0.098917
0.0940893
0.085549
0.0763459
0.0695283
0.0670301
0.069072
0.0742614
0.0802827
0.0848509
0.0865295
0.0851177
0.0815147
0.0771959
0.073569
0.0714917
0.0711151
0.0720563
0.0737527
0.0757962
0.0780874
0.080759
0.0839457
0.0875459
0.0911159
0.0939599
0.0953768
0.0949444
0.0927069
0.08918
0.0851748
0.081523
0.0788241
0.0773136
0.0768867
0.0772378
0.0780322
0.0790223
0.0800693
0.081083
0.081942
0.082456
0.0824045
0.081633
0.0801531
0.0781838
0.076105
0.0743404
0.0732274
0.0729408
0.0735035
0.0748671
0.0770004
0.0799142
0.0835845
0.0878002
0.0920234
0.0953669
0.0967599
0.0952862
0.0905837
0.0831376
0.0743117
0.0660528
0.0603352
0.0585328
0.0609544
0.0667303
0.0741071
0.0810423
0.0858729
0.0877961
0.0869895
0.084349
0.080991
0.0777586
0.0749592
0.0724385
0.069927
0.0674541
0.065585
0.0653148
0.067627
0.0729007
0.0804585
0.0885163
0.0946394
0.0965829
0.0932018
0.085049
0.0743702
0.0644372
0.0584296
0.0582782
0.0639212
0.0732824
0.0830013
0.0896512
0.0909836
0.0867239
0.0786189
0.0697305
0.0632651
0.0613979
0.0645437
0.0713303
0.0792475
0.0856814
0.0889067
0.0886523
0.0860469
0.083011
0.0813769
0.0821102
0.0849391
0.0885162
0.0910175
0.0909159
0.087618
0.0817269
0.0748546
0.0690785
0.0662576
0.0674501
0.0726108
0.080633
0.0896814
0.097687
0.102854
0.104058
0.101057
0.09451
0.0858046
0.0767397
0.0691249
0.0643708
0.0631647
0.065321
0.0698651
0.0753439
0.0802792
0.0836169
0.0850148
0.0848583
0.0839991
0.0833258
0.0833519
0.0840062
0.0847241
0.0848008
0.0838379
0.0820555
0.0802933
0.0796606
0.0809703
0.0842174
0.0883751
0.0916606
0.092218
0.0889605
0.0822031
0.0737715
0.0664715
0.063075
0.0652093
0.0726094
0.0830778
0.093213
0.0996519
0.100336
0.0952847
0.0865505
0.0773604
0.0708031
0.0686081
0.0705356
0.0746311
0.0782228
0.0792151
0.0770925
0.0731777
0.0700151
0.0701479
0.0748391
0.0833272
0.0929829
0.100334
0.102534
0.0986291
0.0900601
0.0801383
0.0727037
0.0705269
0.0741479
0.0816675
0.0895917
0.0943706
0.0939579
0.0886992
0.0811524
0.0749095
0.0729468
0.0762431
0.0833047
0.0908293
0.0952343
0.0943658
0.0886064
0.080842
0.07525
0.0754049
0.0825286
0.094687
0.107351
0.115156
0.11416
0.103648
0.0866908
0.0691608
0.0575494
0.0564521
0.0667357
0.0851461
0.10553
0.121182
0.127376
0.123059
0.11105
0.0967093
0.0856511
0.0814868
0.0845087
0.091832
0.0988741
0.101497
0.0978717
0.0892756
0.0794984
0.0731452
0.0735838
0.0814265
0.0941899
0.107268
0.115794
0.116596
0.109443
0.097068
0.0840024
0.0747331
0.0719537
0.0756211
0.0831619
0.0906841
0.0946441
0.09326
0.0871066
0.0787023
0.0713251
0.0676034
0.068485
0.0729888
0.0787839
0.0832916
0.0848001
0.083115
0.0794968
0.0759642
0.0743057
0.0752522
0.0781642
0.0813464
0.0828297
0.0812653
0.076553
0.0699495
0.0636349
0.0599287
0.0604725
0.0656819
0.0746384
0.0854146
0.095672
0.103305
0.106933
0.106128
0.101392
0.0939413
0.0854051
0.0775042
0.071745
0.06915
0.0700486
0.0739767
0.0797442
0.0856988
0.090155
0.0918777
0.0904608
0.0864507
0.0811452
0.0761229
0.0726728
0.07135
0.0718398
0.0731911
0.0743166
0.0745405
0.0739411
0.073325
0.0738308
0.0763326
0.0809185
0.0866944
0.0920318
0.095179
0.0949852
0.0914254
0.0856837
0.0797418
0.0756302
0.0746515
0.0769026
0.0812946
0.0860551
0.089488
0.0906541
0.0896772
0.0875529
0.0855626
0.0845807
0.0846069
0.0847562
0.0837218
0.0805017
0.0750456
0.0684987
0.0628921
0.0603772
0.0623141
0.0686116
0.0776203
0.0866586
0.0929798
0.0947962
0.0919423
0.0859058
0.0792128
0.0744229
0.0731452
0.075473
0.0800514
0.0847236
0.0874652
0.0872035
0.0841864
0.0797714
0.0757545
0.0735559
0.0736241
0.075308
0.0772341
0.0779967
0.0768385
0.0740126
0.0706681
0.0683185
0.0681382
0.070407
0.0743516
0.0784551
0.0810994
0.0812588
0.0789456
0.0752176
0.0717472
0.0701391
0.0712812
0.0749969
0.0801275
0.0849959
0.0880466
0.0883991
0.0861013
0.082011
0.0773876
0.0733898
0.0706958
0.0693846
0.0690958
0.0693545
0.0698885
0.0707801
0.0723843
0.0750621
0.078864
0.0833278
0.0875032
0.0902159
0.0904813
0.0879066
0.0829202
0.0767293
0.0710064
0.0674058
0.0670689
0.0702815
0.0763887
0.0839896
0.0913402
0.0968372
0.099433
0.0988658
0.0956504
0.0908486
0.0857069
0.0812813
0.078168
0.076421
0.075671
0.0753889
0.0751855
0.0750235
0.0752473
0.0764074
0.078942
0.0828479
0.0874938
0.0916893
0.0940243
0.0933814
0.0894298
0.0828919
0.0754387
0.0692046
0.0660716
0.0669796
0.071539
0.0781217
0.0844279
0.0883318
0.0886865
0.0857632
0.0811359
0.0770415
0.0754616
0.0772991
0.0819928
0.0877416
0.0922558
0.0937282
0.0916134
0.0868771
0.0815919
0.0780394
0.0776939
0.0805275
0.0849536
0.0884577
0.0886721
0.0844498
0.0764797
0.0671625
0.0597715
0.0572192
0.0609198
0.0702045
0.0825213
0.0943366
0.102374
0.104701
0.101265
0.0936968
0.0845433
0.0762729
0.0704846
0.0676119
0.0671683
0.0683313
0.0705254
0.0736958
0.0781482
0.0840697
0.0910251
0.0977473
0.102407
0.103296
0.0996427
0.0921582
0.0830122
0.0751678
0.0712987
0.0727237
0.0788211
0.0872037
0.0946198
0.0982322
0.0967488
0.090929
0.0832472
0.0768517
0.0742599
0.0763462
0.0820524
0.0889331
0.0942848
0.0963525
0.0950751
0.0920412
0.0896793
0.0900561
0.0938327
0.0998616
0.105626
0.108337
0.106211
0.0993572
0.0898573
0.080997
0.0759548
0.0765138
0.0823506
0.0912024
0.099836
0.105389
0.106501
0.103743
0.099193
0.0953581
0.0939593
0.0951359
0.0974308
0.0985607
0.0966065
0.0910664
0.0832656
0.0759071
0.0719386
0.0732261
0.0796322
0.0889251
0.0975945
0.102243
0.100972
0.0941661
0.0843408
0.0751144
0.0697368
0.0697996
0.0746604
0.0818055
0.0879677
0.0905009
0.0884179
0.0826656
0.0755594
0.0696704
0.0666901
0.0667842
0.0687084
0.0705972
0.0710237
0.0698093
0.0681809
0.0681819
0.0716005
0.0789169
0.0887794
0.0983012
0.104099
0.103667
0.0964916
0.0844404
0.0711996
0.0609841
0.0570138
0.0603654
0.0696496
0.0816239
0.0924709
0.0992135
0.100703
0.0978171
0.092847
0.0883784
0.0861689
0.0864875
0.088157
0.0892303
0.087965
0.0836578
0.076986
0.0697382
0.0640823
0.0617045
0.0631837
0.0678386
0.0740677
0.0799984
0.0841534
0.0858728
0.0853676
0.0834519
0.0811286
0.0792327
0.0782601
0.0783953
0.0796396
0.0819109
0.0850327
0.0886288
0.092025
0.0942866
0.0944556
0.0919406
0.0868967
0.0803929
0.074226
0.0703802
0.0703073
0.0743059
0.0812781
0.0890054
0.094879
0.0968202
0.0940355
0.0872997
0.0786494
0.0706093
0.0652674
0.0635731
0.0651349
0.0685726
0.072241
0.0749852
0.0765865
0.077708
0.0793869
0.082333
0.0863866
0.0904186
0.0927475
0.0919056
0.0874088
0.0801636
0.0722922
0.0664065
0.064611
0.0676456
0.0745359
0.0829118
0.0898775
0.0930848
0.0915743
0.086052
0.0785072
0.0713539
0.0664745
0.0645673
0.0650561
0.0665641
0.067705
0.0678128
0.0672695
0.0672838
0.0692266
0.0738401
0.0806953
0.0881686
0.0939772
0.0960622
0.0934473
0.0867046
0.0778176
0.0694875
0.0641602
0.063166
0.0663119
0.072071
0.0782643
0.0829316
0.0850249
0.084655
0.0828267
0.0808244
0.0795529
0.0791413
0.0789818
0.0781657
0.076091
0.0729346
0.069742
0.0680661
0.0692928
0.0739502
0.081316
0.0895275
0.0961841
0.0992236
0.0977242
0.0923032
0.0849365
0.0782523
0.0745645
0.0750164
0.0791681
0.0851849
0.0905544
0.0930542
0.0915984
0.0866418
0.0799949
0.0741257
0.0712195
0.0723533
0.0770918
0.0836482
0.0895454
0.092524
0.0913652
0.0863296
0.07906
0.0719922
0.067491
0.0670234
0.07066
0.0770756
0.0840382
0.0892078
0.0909574
0.0889278
0.0841249
0.0785315
0.0743764
0.0733257
0.075882
0.0812074
0.0874267
0.0923027
0.0940373
0.0919108
0.0865324
0.0796177
0.0733796
0.0697607
0.0697878
0.0732751
0.0789691
0.0850586
0.0898378
0.0922642
0.0922057
0.0903079
0.08757
0.0848363
0.0824343
0.0801186
0.0773359
0.0736785
0.069301
0.0650847
0.06244
0.062798
0.0669865
0.074754
0.0846637
0.0944337
0.101628
0.104451
0.102348
0.0961872
0.0879522
0.0800639
0.0745863
0.0726092
0.0740177
0.0777031
0.0820942
0.0857774
0.0879598
0.0886171
0.0883122
0.087808
0.0876703
0.0880381
0.0886434
0.089039
0.0889002
0.0882385
0.0874223
0.0869981
0.087405
0.088728
0.0906139
0.0923939
0.0933585
0.0930591
0.0914992
0.089135
0.086691
0.0848856
0.0841926
0.0847399
0.0863713
0.0888144
0.0918453
0.0953504
0.0992491
0.103326
0.107083
0.109727
0.110351
0.108266
0.103353
0.0962741
0.0884059
0.0814955
0.0771309
0.0762286
0.0787366
0.0836756
0.0895023
0.0946505
0.098032
0.0993035
0.0988128
0.0972789
0.0953756
0.093419
0.0913014
0.088686
0.0853459
0.0814583
0.0776847
0.0749715
0.0741492
0.0755139
0.0785994
0.0822712
0.0851257
0.0860358
0.084606
0.0813301
0.0773758
0.074085
0.0724139
0.0725637
0.0739683
0.0756376
0.0766865
0.0767874
0.0763163
0.0761109
0.0769505
0.0790173
0.0816296
0.0834234
0.0829499
0.0794452
0.0734124
0.0667042
0.0619909
0.0617712
0.0673064
0.0779321
0.091078
0.10305
0.11031
0.110763
0.104535
0.0939253
0.0825197
0.073838
0.070044
0.071246
0.0756573
0.0805248
0.0834075
0.0832423
0.0807324
0.0778978
0.0770017
0.079349
0.0845184
0.0904028
0.0940733
0.093108
0.086799
0.0766802
0.0660972
0.0589476
0.0580947
0.0641174
0.074947
0.0865812
0.0946209
0.0960191
0.0903306
0.0799397
0.0691572
0.0625393
0.0631006
0.0711379
0.0841305
0.0977441
0.107518
0.110545
0.106482
0.0974947
0.0872302
0.0792497
0.0756128
0.0761812
0.0789033
0.0809136
0.0799426
0.0754112
0.0687395
0.0627433
0.0603887
0.0634464
0.0716278
0.0825718
0.0926974
0.0985673
0.0982061
0.0918392
0.0817669
0.071444
0.0641559
0.0618295
0.0644417
0.0702285
0.0765612
0.0810936
0.0826922
0.0817771
0.0799636
0.0791929
0.0807502
0.0845996
0.0893228
0.092687
0.0926014
0.0880633
0.0796972
0.0696588
0.0609267
0.0562469
0.0571282
0.0632652
0.0726035
0.0820222
0.0883887
0.0896115
0.0853303
0.0770158
0.0674632
0.0598645
0.0567767
0.0593253
0.0668852
0.0773238
0.0877026
0.0951998
0.0979554
0.0955816
0.0891961
0.0809917
0.073498
0.068784
0.0678559
0.0704342
0.0751622
0.0801549
0.0836852
0.0847627
0.0834089
0.0805435
0.0775433
0.0756556
0.0755009
0.0768587
0.0788195
0.0802341
0.0802703
0.0788385
0.0766966
0.075176
0.0756271
0.0788057
0.0844589
0.0912946
0.097371
0.100771
0.100304
0.0959642
0.0889568
0.0812821
0.0750372
0.0717047
0.0717024
0.0743546
0.0782723
0.0819644
0.0844156
0.0853923
0.0853679
0.0851275
0.0852572
0.0857672
0.0860361
0.0851135
0.0822467
0.0773899
0.0714448
0.0660918
0.0632448
0.0643275
0.0696623
0.078227
0.0878979
0.0961063
0.100672
0.100501
0.0959081
0.0884358
0.0802848
0.0735674
0.0696761
0.0689817
0.0709309
0.0744496
0.0784457
0.0821884
0.0854229
0.0882113
0.0906252
0.0924743
0.0932334
0.0922241
0.0889774
0.0836047
0.0769833
0.0706323
0.0662845
0.065297
0.068124
0.0740702
0.0814434
0.0880741
0.0920285
0.0922578
0.0889471
0.0834337
0.0777216
0.0737699
0.0728125
0.0749547
0.0791882
0.0838122
0.0870989
0.0879553
0.0863356
0.0832525
0.0803825
0.0794102
0.0813534
0.0861217
0.0924786
0.0984348
0.10194
0.101632
0.0973665
0.0903325
0.0826842
0.0768172
0.0745326
0.0763947
0.0815208
0.0878979
0.093121
0.0952921
0.093746
0.0893238
0.0840766
0.0804952
0.0805466
0.0848825
0.0925287
0.101187
0.108048
0.110817
0.108555
0.102017
0.0933576
0.0853225
0.0802422
0.0792319
0.0819004
0.0866677
0.0915323
0.0949489
0.0964339
0.0966434
0.0969026
0.0984136
0.101517
0.105364
0.108179
0.108019
0.103713
0.0955506
0.0853846
0.0760533
0.0703287
0.069815
0.0742682
0.0816483
0.0889101
0.0932242
0.09312
0.089064
0.0832167
0.0784565
0.0770856
0.0797751
0.0852202
0.0906747
0.0931536
0.0907914
0.0837602
0.0743235
0.0659683
0.0619584
0.0639147
0.0710406
0.0803502
0.0878381
0.0901243
0.0858928
0.0765117
0.0655564
0.0574122
0.0555213
0.0609952
0.0721624
0.0852356
0.0958167
0.100611
0.098645
0.0915021
0.0825099
0.0752609
0.0721176
0.0733436
0.07721
0.0809942
0.0823904
0.0806773
0.0771041
0.0743102
0.0750349
0.0807008
0.0905216
0.101569
0.109816
0.111743
0.105834
0.0933283
0.0778803
0.0642483
0.0565336
0.0566745
0.0637958
0.0746568
0.0849866
0.0911466
0.0914425
0.0865855
0.0791712
0.0724569
0.0689894
0.0696628
0.0735617
0.0785874
0.082527
0.0840573
0.0832395
0.0813247
0.080008
0.0805235
0.0830158
0.086481
0.0892846
0.089989
0.0880839
0.0842669
0.0801411
0.0774773
0.0773966
0.0798621
0.0837204
0.0872691
0.089074
0.0886378
0.0865929
0.0843195
0.0831687
0.0836739
0.0851514
0.0859212
0.0840874
0.0785425
0.0697254
0.0597492
0.051773
0.0488319
0.0525945
0.0625743
0.0761564
0.0894635
0.0987371
0.101684
0.0982481
0.0905102
0.0817636
0.0751735
0.0725729
0.0738845
0.0773739
0.0805823
0.0815028
0.079476
0.0754235
0.0713435
0.0693205
0.0705122
0.0745758
0.0797886
0.0838049
0.0847043
0.0818615
0.0762505
0.0700496
0.0657244
0.0649875
0.068088
0.0737256
0.0796139
0.0834375
0.0837844
0.0806689
0.0754449
0.0701844
0.0668183
0.0664166
0.0689003
0.0732617
0.0781393
0.0824457
0.0857471
0.0882398
0.0903756
0.0923667
0.093857
0.0939578
0.0916588
0.0864272
0.0786956
0.0699734
0.062476
0.0583888
0.0590564
0.064439
0.0730739
0.0825718
0.0904504
0.0949693
0.0956377
0.0932104
0.0892168
0.0852574
0.0823889
0.0808548
0.0802394
0.0799226
0.0795725
0.0794091
0.0800953
0.0823091
0.0862179
0.0911416
0.095613
0.0978591
0.0965226
0.0913118
0.0832734
0.074535
0.067588
0.0643865
0.0656275
0.0705095
0.07707
0.0829605
0.0863392
0.086514
0.0840903
0.0805872
0.0777159
0.076647
0.0775799
0.0797785
0.0820227
0.0832418
0.0830253
0.0817803
0.0804779
0.0801263
0.0812368
0.0835413
0.0860987
0.087737
0.0876185
0.0856549
0.082572
0.0795909
0.0778741
0.0779982
0.0797041
0.0820433
0.0838501
0.0843122
0.0833609
0.0816874
0.0803675
0.0802733
0.081561
0.0835011
0.0847657
0.084068
0.0808698
0.0758167
0.0706595
0.0676407
0.0685701
0.0739732
0.0826932
0.0921589
0.099256
0.101482
0.0979292
0.089687
0.0794978
0.0707751
0.0663736
0.067588
0.0737675
0.0826779
0.0914396
0.0976408
0.100171
0.0994505
0.0970078
0.094622
0.0934405
0.0934702
0.0936627
0.092544
0.0890899
0.08343
0.077037
0.0722755
0.0714709
0.0758781
0.0849903
0.0965078
0.107022
0.113181
0.112901
0.10616
0.0950579
0.083123
0.0741044
0.0707105
0.0737431
0.0819294
0.0924811
0.102143
0.108328
0.109911
0.107441
0.102711
0.0979311
0.0948164
0.0939749
0.0947878
0.0958046
0.095461
0.0928171
0.0880193
0.0823082
0.0775752
0.075646
0.077563
0.083138
0.0909402
0.0987227
0.104136
0.105478
0.102223
0.095156
0.0860864
0.0772441
0.0705837
0.0672281
0.06723
0.069705
0.0732604
0.0765396
0.0786781
0.0795086
0.0794668
0.0792629
0.0794805
0.0802804
0.0813369
0.082027
0.0817764
0.0803963
0.0782412
0.0760993
0.0748458
0.0750087
0.0764482
0.0783221
0.0793888
0.0785535
0.0754375
0.0707137
0.0660266
0.0634741
0.0648172
0.0707165
0.080312
0.0913525
0.100869
0.106174
0.105807
0.100081
0.0909819
0.0814637
0.074394
0.0715519
0.0730676
0.0775091
0.0825669
0.0860432
0.086735
0.084852
0.0818103
0.07951
0.0794214
0.0818827
0.0859172
0.0896462
0.091119
0.0891927
0.0840769
0.0773003
0.0711078
0.0675466
0.067631
0.0709458
0.0758549
0.0802207
0.082319
0.0815529
0.0786608
0.0753392
0.0734569
0.0742145
0.0776236
0.0825301
0.0871622
0.0899467
0.0902189
0.0885012
0.0862216
0.0850018
0.0858389
0.0885642
0.0918382
0.0937038
0.0924696
0.0875344
0.0797853
0.0713724
0.0649366
0.062598
0.065123
0.0716141
0.0798466
0.0871088
0.0911962
0.0911555
0.0874973
0.0818259
0.076083
0.0717553
0.0693829
0.0685557
0.0683505
0.067965
0.0672259
0.0667205
0.0674908
0.0704415
0.0757535
0.0825987
0.0893135
0.09398
0.0951735
0.0925517
0.0870265
0.0804354
0.0748481
0.0717954
0.071739
0.0739878
0.0770725
0.0793972
0.0798786
0.0783104
0.0753252
0.072013
0.0694003
0.0680372
0.0678701
0.0684234
0.0691673
0.0698627
0.0707017
0.0721737
0.0747344
0.0784567
0.0828534
0.0869776
0.0897639
0.0904542
0.0889037
0.0856236
0.0815438
0.0776206
0.0744875
0.0723252
0.0710028
0.0703975
0.0706871
0.0724147
0.0762309
0.0824036
0.090334
0.0983689
0.104103
0.105148
0.100119
0.0894212
0.075457
0.0620606
0.0532905
0.0519906
0.0586792
0.0712382
0.0855835
0.0971075
0.10236
0.100315
0.0927036
0.0832794
0.0762847
0.0747375
0.0792305
0.0877301
0.0964561
0.101475
0.100347
0.0931394
0.0823921
0.0720548
0.0658452
0.0657213
0.0711056
0.0791809
0.0861203
0.0887255
0.0857776
0.0785341
0.0701718
0.0644229
0.0639898
0.0694074
0.0788269
0.0887945
0.0956829
0.0971628
0.0930982
0.0855096
0.0776494
0.0726081
0.0720565
0.0756515
0.0813301
0.0863318
0.0884735
0.0871119
0.0833744
0.079574
0.0780834
0.0801778
0.0853661
0.0915141
0.095714
0.095534
0.0901136
0.0806381
0.0699842
0.0616756
0.0585698
0.0617971
0.0703648
0.0815585
0.0919554
0.0986336
0.100111
0.0966821
0.0900889
0.0827164
0.0766825
0.0731827
0.0723105
0.073346
0.0753133
0.077514
0.0797942
0.082452
0.0858741
0.090114
0.0946447
0.0984242
0.10026
0.0993178
0.0955406
0.0897935
0.0836509
0.0789021
0.0769628
0.0784116
0.0828192
0.0889173
0.0950284
0.0995907
0.101596
0.100811
0.0977419
0.0933973
0.0889532
0.0854355
0.0835029
0.0833611
0.0847952
0.0872854
0.0901642
0.0927818
0.0946526
0.0955582
0.0955817
0.0950574
0.0944391
0.094124
0.094292
0.0948301
0.0953859
0.0955427
0.0950491
0.0939987
0.0928591
0.0923065
0.09291
0.0947907
0.097417
0.0996654
0.100171
0.0978672
0.0925147
0.0849791
0.0771084
0.0711962
0.069193
0.07195
0.0787967
0.0876448
0.0956208
0.100022
0.0992526
0.0933928
0.0841769
0.0743842
0.0668646
0.0635628
0.0649025
0.0697493
0.075942
0.0811661
0.0838141
0.0835029
0.0810642
0.0780479
0.0759733
0.0756551
0.0768866
0.0786002
0.079419
0.0783486
0.075302
0.0712276
0.0677795
0.0666651
0.0689362
0.0745164
0.0821547
0.0898251
0.0954135
0.097426
0.0954538
0.0902382
0.0833409
0.0765755
0.0714345
0.0687235
0.0685083
0.0703399
0.0736116
0.0778576
0.0828561
0.0885049
0.0945568
0.100379
0.104894
0.106792
0.104954
0.0989484
0.0893829
0.0779359
0.067009
0.0590781
0.0559511
0.058189
0.0649026
0.0740133
0.0829011
0.0892229
0.0916226
0.0900887
0.0858449
0.0808238
0.0769274
0.0753503
0.0762115
0.0786219
0.0811412
0.0824326
0.0818447
0.079683
0.0770631
0.0754052
0.0757859
0.0784242
0.0825306
0.0866019
0.0890546
0.088936
0.0864058
0.0827556
0.0799231
0.0796695
0.082749
0.0884326
0.0946231
0.0985705
0.0979412
0.0918284
0.0812785
0.0690813
0.058851
0.0537219
0.055155
0.0623401
0.0724554
0.0817185
0.0868337
0.0862672
0.0808338
0.0733404
0.0674128
0.0659716
0.0699799
0.0779899
0.0866968
0.092296
0.0920967
0.0857225
0.0753842
0.0650814
0.0590306
0.0599493
0.0678972
0.0801663
0.092285
0.0997489
0.0997857
0.0924418
0.080549
0.0685858
0.0608986
0.060005
0.0656632
0.0750708
0.0840845
0.0889398
0.0877512
0.0811834
0.0720456
0.0640177
0.0600781
0.0613098
0.0665825
0.0732128
0.0782796
0.0799891
0.0784779
0.0756963
0.0744325
0.0769208
0.0836661
0.0930245
0.101751
0.106302
0.10434
0.0958006
0.0830519
0.070067
0.0609385
0.0583451
0.0625916
0.0715992
0.0818229
0.0896893
0.092953
0.0914226
0.0868013
0.081765
0.0787209
0.0787955
0.081474
0.085002
0.0873224
0.0870908
0.084304
0.0802681
0.0769485
0.0760208
0.0780727
0.0823244
0.0869869
0.0900845
0.0903554
0.0878146
0.0837266
0.0800068
0.0783332
0.0793801
0.0825227
0.0861429
0.0883899
0.088039
0.0850534
0.0805894
0.0764449
0.0742072
0.0744965
0.0766581
0.0790569
0.079849
0.0778894
0.0733652
0.0678572
0.0637816
0.0634318
0.0680152
0.077084
0.0885973
0.0995861
0.107157
0.109438
0.10612
0.0984271
0.088572
0.0789726
0.071532
0.0672382
0.0661586
0.0677335
0.0711621
0.0756858
0.0806706
0.0855243
0.0895836
0.0921107
0.0924622
0.0903718
0.0861944
0.080947
0.0760651
0.072932
0.0723646
0.0742871
0.0777589
0.0813696
0.0838451
0.0845966
0.0839587
0.0829946
0.0829466
0.0845783
0.0877253
0.0912829
0.0936673
0.0935626
0.0906166
0.0857501
0.0809012
0.0782749
0.0793985
0.0843938
0.0918007
0.0990658
0.103521
0.103457
0.0988454
0.0913886
0.083873
0.0790763
0.0786838
0.0826598
0.089327
0.0961064
0.100591
0.101493
0.0990651
0.0948491
0.0908808
0.0887376
0.088858
0.0904357
0.0919197
0.0918713
0.0897685
0.0863658
0.0834283
0.0829395
0.0861371
0.0928124
0.101211
0.108605
0.112329
0.110835
0.104341
0.0947928
0.0851444
0.0782639
0.0759027
0.0781402
0.0834997
0.0896489
0.094361
0.0963235
0.0954767
0.0927871
0.0896153
0.0870048
0.0852277
0.0837822
0.0818099
0.0786989
0.0745586
0.0703149
0.0673688
0.0669681
0.0695898
0.074629
0.0805553
0.0854804
0.0878953
0.0872508
0.0841278
0.0799278
0.0762286
0.0741034
0.0737086
0.074324
0.0748119
0.0742711
0.0725657
0.0704691
0.0693394
0.0704622
0.0743619
0.0804048
0.0869021
0.0916995
0.0930242
0.0902367
0.0841647
0.0768638
0.0708884
0.0683593
0.070195
0.0758077
0.0833676
0.0905114
0.0951993
0.0963818
0.094238
0.0899352
0.0850601
0.0809895
0.0784645
0.0775131
0.0776965
0.0785065
0.0796892
0.0813293
0.0836616
0.0867307
0.0901003
0.0928023
0.0936031
0.0915037
0.0862672
0.0787214
0.0706642
0.0643549
0.061752
0.0637795
0.0699135
0.0782689
0.0861839
0.091105
0.0914601
0.0872027
0.0798331
0.0718874
0.0660809
0.064409
0.0675165
0.0745419
0.0834681
0.091834
0.0975434
0.0994908
0.0978013
0.0936328
0.0886431
0.0843387
0.0815506
0.0802223
0.0795745
0.0785627
0.0764399
0.0731916
0.0696604
0.0672922
0.067579
0.0714013
0.0785196
0.0874345
0.0957074
0.100671
0.100304
0.0939749
0.0827678
0.069256
0.0567671
0.0483753
0.0459638
0.0496828
0.0579944
0.0682799
0.0777771
0.0844958
0.0877721
0.0882692
0.08746
0.0868311
0.0871601
0.0881798
0.0887693
0.0875802
0.0838093
0.0777578
0.0708997
0.0653967
0.0632411
0.0653854
0.0712434
0.0788026
0.0853357
0.0884404
0.0869842
0.0815607
0.0742576
0.0678229
0.0645715
0.0654847
0.0698749
0.0757473
0.080693
0.0829204
0.0819786
0.0788658
0.0754911
0.0737452
0.0746101
0.0777151
0.0815447
0.0842017
0.0843707
0.0820283
0.0785505
0.0761417
0.076818
0.0813975
0.0889649
0.0970827
0.102698
0.103381
0.0983665
0.0889466
0.0780242
0.0690001
0.0644557
0.0651862
0.0699903
0.0762949
0.0813326
0.0833481
0.0823026
0.079771
0.0780906
0.0791573
0.0834274
0.0895964
0.0951196
0.0973607
0.0948555
0.0881127
0.0795592
0.0726121
0.0702464
0.0736687
0.0816824
0.0910513
0.0977471
0.0985837
0.0925677
0.0813935
0.0688622
0.0594451
0.0565649
0.0612823
0.0719086
0.0846835
0.0952264
0.100169
0.0983258
0.0909671
0.0811444
0.072394
0.0673776
0.0670026
0.070331
0.0752365
0.0794655
0.0816165
0.0816315
0.0806346
0.0802514
0.0817559
0.0854392
0.0904674
0.095254
0.09815
0.0981219
0.0951271
0.0900507
0.0842772
0.0791233
0.0753959
0.0732513
0.0723677
0.0722923
0.0727543
0.0737763
0.0755446
0.0781346
0.0812744
0.0843057
0.0863971
0.0869224
0.0858124
0.0836888
0.0816795
0.0809709
0.0822877
0.0855384
0.089802
0.0936783
0.0958551
0.0956436
0.0932424
0.0896148
0.0860451
0.0835876
0.0826681
0.0830235
0.0839896
0.0849769
0.0858729
0.0871417
0.0895447
0.0936048
0.0990871
0.104791
0.10882
0.109286
0.105152
0.0968653
0.0864331
0.076855
0.0710878
0.0709427
0.0763715
0.0854579
0.0951399
0.102381
0.105311
0.103861
0.0996304
0.0950677
0.0923171
0.092264
0.0941956
0.096229
0.0963077
0.0933034
0.0877031
0.0815419
0.0775761
0.078044
0.083563
0.0926736
0.102271
0.108779
0.109591
0.104163
0.094277
0.0833549
0.0750785
0.071906
0.0741045
0.0797128
0.0854493
0.0881718
0.0862615
0.0803282
0.0729312
0.0674321
0.066476
0.0707619
0.0786448
0.0867589
0.0914129
0.0901738
0.0829683
0.0722238
0.061974
0.0562797
0.0576044
0.0658047
0.0781414
0.0903054
0.0980454
0.0987523
0.0923867
0.0814144
0.069811
0.0615581
0.0592272
0.0631775
0.0716244
0.0814811
0.0895847
0.0938093
0.0936569
0.0901671
0.0852691
0.0809067
0.0783142
0.0777127
0.0784857
0.0796811
0.0805698
0.0809971
0.0813867
0.0824306
0.0846388
0.0879735
0.0917425
0.0947996
0.0959644
0.0944829
0.0903412
0.0843146
0.0777448
0.0721368
0.0687271
0.0681628
0.0703772
0.0746693
0.0799322
0.0849456
0.0886493
0.0903445
0.0897975
0.0872438
0.083304
0.078829
0.0747019
0.0716386
0.0700348
0.0699076
0.0709552
0.0727144
0.0747608
0.0768656
0.0790408
0.0814457
0.0841956
0.0871652
0.0898953
0.0916751
0.0917939
0.0898733
0.0861336
0.0814579
0.0771884
0.0747003
0.0749005
0.0778486
0.0826609
0.0877595
0.0913858
0.092195
0.0897073
0.0844483
0.0777351
0.0712022
0.0662609
0.0637001
0.0635621
0.0653027
0.0681263
0.071324
0.0744623
0.0773654
0.0799414
0.0819878
0.0831134
0.0828487
0.0809049
0.0774474
0.0732204
0.0694152
0.0672923
0.067695
0.0706635
0.0753386
0.0802296
0.0837639
0.0849037
0.0835702
0.0806828
0.0777817
0.0763781
0.0773011
0.0803212
0.0842163
0.087263
0.0879507
0.0856196
0.0807522
0.0747923
0.0695683
0.0665634
0.0663386
0.0683514
0.0712383
0.0734379
0.0738854
0.072487
0.0701775
0.0685415
0.0691578
0.0729343
0.0796954
0.0881732
0.0963914
0.102285
0.104323
0.101933
0.095612
0.0867327
0.0771645
0.0688348
0.0633539
0.0617576
0.0643677
0.0707516
0.0797705
0.0897282
0.0986433
0.104636
0.106369
0.103422
0.0964571
0.0870878
0.0774452
0.0695691
0.0648318
0.0636071
0.0653092
0.0687764
0.0728255
0.0767266
0.0803824
0.0841372
0.0883218
0.0927809
0.0966566
0.0985913
0.0973107
0.0923415
0.0845125
0.0759416
0.0694183
0.0673651
0.0707871
0.0786745
0.0881769
0.095562
0.0976299
0.0930263
0.0829002
0.0705875
0.0603966
0.0559549
0.0587791
0.0676665
0.0791799
0.089043
0.0938795
0.0925688
0.0866444
0.0795607
0.0751375
0.0758489
0.0817
0.0901867
0.0973724
0.0996263
0.0952742
0.0854371
0.0736769
0.0645765
0.0618494
0.0667795
0.0776597
0.0904722
0.100523
0.104338
0.101006
0.0924311
0.0823846
0.0748181
0.0721729
0.074432
0.0793102
0.0834695
0.0841848
0.0806907
0.0745866
0.0691083
0.0675935
0.0718434
0.0811405
0.0923989
0.101419
0.104711
0.101091
0.0923106
0.0824243
0.0761105
0.076665
0.0845215
0.0969553
0.109124
0.116029
0.114578
0.104888
0.090276
0.0759403
0.0668948
0.0660098
0.0729715
0.0845653
0.0961249
0.103505
0.104729
0.100638
0.0942933
0.0894601
0.0888456
0.0928851
0.099587
0.105478
0.107211
0.103114
0.0940024
0.0829032
0.0738301
0.0701381
0.0731664
0.0817317
0.092658
0.102087
0.106995
0.106285
0.10103
0.0938277
0.0875997
0.084387
0.08464
0.0872643
0.0903247
0.0920333
0.0915495
0.0892452
0.0863598
0.0842589
0.0836843
0.084367
0.0851816
0.0847547
0.0822192
0.0777427
0.0725646
0.0685141
0.0672221
0.0693827
0.074397
0.0805596
0.0857036
0.0880254
0.0867409
0.0823124
0.0761855
0.0701838
0.0658429
0.0639603
0.0645123
0.0669042
0.0703768
0.074341
0.0784877
0.0826592
0.0866079
0.089829
0.0916057
0.0912807
0.0886238
0.0840935
0.0788208
0.0742715
0.071709
0.0716953
0.0738707
0.0771357
0.0801698
0.0820553
0.0827047
0.0828731
0.0837246
0.086145
0.0901303
0.0945738
0.0976053
0.0973797
0.0929864
0.0850616
0.0757812
0.0681715
0.0649765
0.0675349
0.0751518
0.085259
0.0943378
0.0992475
0.0984233
0.0924444
0.0837362
0.0755328
0.0705414
0.0698774
0.0727197
0.0768198
0.079625
0.0795028
0.0765148
0.0723846
0.0696696
0.0705072
0.0755037
0.0832877
0.090959
0.0952729
0.0940617
0.0872769
0.0771761
0.0675376
0.0621977
0.0635044
0.0713272
0.0830435
0.09452
0.1017
0.102156
0.0959919
0.0857369
0.0753015
0.0684331
0.0672976
0.0717464
0.0795229
0.0872794
0.091951
0.0919165
0.0874961
0.0806335
0.0739553
0.0696411
0.0685871
0.070185
0.0727584
0.0744177
0.0739353
0.0712642
0.067504
0.0643687
0.0634213
0.0654167
0.0700242
0.0760122
0.0817752
0.0859471
0.0878361
0.0875241
0.0856415
0.0829747
0.0801191
0.0773413
0.0746865
0.0722315
0.0703067
0.0695273
0.070581
0.0738533
0.0790743
0.0851843
0.0905332
0.0933798
0.0925176
0.0877795
0.0802033
0.0717693
0.0647861
0.0611445
0.0617112
0.0660799
0.072761
0.079721
0.0850633
0.0875988
0.0871196
0.0843128
0.0803917
0.0766193
0.0739119
0.0726574
0.0727748
0.07394
0.0758459
0.0783666
0.0815581
0.0855073
0.0901187
0.0949507
0.0991972
0.101845
0.101971
0.0990655
0.093288
0.0855266
0.0772459
0.0701423
0.0657025
0.0647944
0.0674148
0.0726773
0.0790562
0.0848225
0.0885482
0.0895222
0.0879432
0.0848181
0.0815888
0.0796086
0.0796468
0.0816023
0.084542
0.0870615
0.0878449
0.0862134
0.0824452
0.0777269
0.0737367
0.0720076
0.0733164
0.0773465
0.0827718
0.0877436
0.0905969
0.0904933
0.0877367
0.0836269
0.0799024
0.0780016
0.0784492
0.0806302
0.0830538
0.0840037
0.0823036
0.0778761
0.0718532
0.0661877
0.062922
0.0634155
0.067848
0.0751909
0.083641
0.091311
0.0968738
0.0998911
0.100718
0.100068
0.0984975
0.0960692
0.0923952
0.087028
0.0800012
0.0722155
0.0654196
0.0617131
0.0627351
0.0688732
0.0788642
0.0900189
0.0990489
0.10321
0.101316
0.0942043
0.084444
0.0753845
0.0699107
0.0694084
0.0733504
0.079661
0.0856853
0.0893406
0.0899515
0.0884198
0.0866729
0.0866557
0.0893319
0.0941574
0.0992723
0.102338
0.101649
0.0970147
0.089999
0.0833836
0.080055
0.0817835
0.0884158
0.0978378
0.106741
0.111884
0.111333
0.105174
0.0954227
0.0851806
0.0774245
0.0739323
0.0747826
0.078595
0.0833503
0.0873831
0.090083
0.0919951
0.0943038
0.0979754
0.103001
0.108131
0.111272
0.110392
0.104536
0.0944839
0.0827103
0.0726085
0.0672651
0.0682777
0.0751049
0.0852312
0.0950924
0.101395
0.102303
0.09803
0.0906147
0.0830155
0.0779062
0.0766787
0.0790352
0.083293
0.0872179
0.088998
0.0879342
0.084581
0.080327
0.076654
0.0744388
0.0736204
0.0733622
0.0726044
0.0707173
0.0679261
0.0652936
0.0642581
0.0659383
0.0705291
0.077077
0.0837562
0.0885403
0.0899908
0.0878249
0.0830231
0.0774329
0.0730389
0.0712076
0.0722159
0.0752439
0.0788124
0.081457
0.0823466
0.0815887
0.0801122
0.0792011
0.0798943
0.0825116
0.0864956
0.0906205
0.0934627
0.0939358
0.0916803
0.0871788
0.08158
0.0763269
0.0727349
0.0716566
0.0733107
0.077283
0.0826572
0.0882205
0.0927028
0.0950264
0.0945475
0.0912529
0.0858476
0.0796688
0.0743896
0.0715508
0.0720468
0.0757467
0.0814224
0.0870664
0.0905359
0.0903163
0.0861203
0.0790706
0.0713604
0.0654888
0.0633478
0.065519
0.0710671
0.0779279
0.0837409
0.08679
0.0866578
0.0843145
0.0816011
0.080329
0.0813957
0.0843178
0.0874129
0.0885743
0.0863144
0.0806109
0.0731505
0.0668109
0.064546
0.0681141
0.0771875
0.0892482
0.100371
0.106623
0.105552
0.0971586
0.0839634
0.0701123
0.0598607
0.0560271
0.0590176
0.066798
0.0758047
0.0824091
0.0843383
0.0814787
0.0757603
0.0701985
0.0675203
0.0689624
0.0737478
0.0794514
0.0830904
0.0824688
0.0772041
0.0689962
0.0610204
0.0566859
0.0582657
0.0659524
0.0777201
0.0900431
0.0991827
0.102533
0.0995029
0.0916245
0.0818668
0.0734715
0.0687778
0.0684872
0.0716171
0.0761031
0.0797539
0.0811458
0.0800992
0.0775798
0.0751189
0.0740416
0.0748545
0.0770537
0.079416
0.0806193
0.0799015
0.0774555
0.0743823
0.0722232
0.072275
0.0749894
0.0797215
0.0849433
0.0888405
0.0900477
0.0882162
0.0841772
0.0796274
0.0764626
0.0760284
0.0785924
0.0832527
0.088319
0.0920081
0.0931691
0.091738
0.0887315
0.08578
0.0843906
0.0852467
0.0878457
0.0906436
0.09167
0.0893828
0.0834174
0.0749131
0.0662527
0.0602765
0.0592468
0.0639508
0.0732961
0.0845795
0.0943599
0.099633
0.0988825
0.0926187
0.0831975
0.0739816
0.068149
0.0675867
0.0722743
0.0803725
0.0889648
0.0951544
0.0970932
0.0945565
0.0888711
0.0822605
0.0769009
0.0740833
0.0738169
0.075011
0.0761262
0.075987
0.0743877
0.0722194
0.0710599
0.0724056
0.0768883
0.0838306
0.091356
0.0970337
0.0988063
0.0958233
0.0888321
0.079958
0.0719526
0.067209
0.0669354
0.0708072
0.0772185
0.0840028
0.0893076
0.0922527
0.093112
0.0929722
0.0930501
0.093996
0.0955079
0.0964352
0.0953284
0.0911875
0.0840711
0.0752799
0.0670142
0.0616269
0.0607703
0.0647803
0.0725458
0.0819091
0.0904315
0.0962164
0.098475
0.0976402
0.0950268
0.0922176
0.0904453
0.0902155
0.0912833
0.0929369
0.0944123
0.0952328
0.0953314
0.0949377
0.094335
0.0936446
0.0927701
0.0915291
0.0898917
0.0881722
0.0870373
0.0872835
0.08946
0.09351
0.0986151
0.103354
0.106147
0.105822
0.102076
0.0956321
0.0880203
0.0810651
0.076291
0.0744819
0.0755568
0.0787794
0.0831702
0.0879074
0.0925312
0.0968756
0.100806
0.103947
0.10559
0.104891
0.101286
0.0949354
0.0869472
0.0792021
0.0737813
0.0721948
0.0747293
0.0802239
0.0864192
0.0907864
0.091517
0.0882638
0.0823009
0.0760073
0.0718682
0.0714084
0.0745202
0.079493
0.0837557
0.0850251
0.0823663
0.0766854
0.0704098
0.066463
0.0669531
0.0721458
0.0801881
0.0877447
0.0913187
0.0887241
0.0800943
0.0679839
0.0564929
0.0497465
0.0503371
0.0583544
0.0713888
0.0854913
0.0966817
0.102382
0.1022
0.0977846
0.0918735
0.0869891
0.0843797
0.0836577
0.0832604
0.0814773
0.0775313
0.0721788
0.0675221
0.0660939
0.0696213
0.0780409
0.0892452
0.0997248
0.105877
0.105444
0.098472
0.0873625
0.0759812
0.0681714
0.0662873
0.0703452
0.0781332
0.0862112
0.0913615
0.0918718
0.0881169
0.0822239
0.0770054
0.0746552
0.0757931
0.0792719
0.0828113
0.0841494
0.082175
0.0775129
0.0722881
0.0691655
0.0700919
0.0753095
0.0830983
0.0903893
0.0940084
0.0920296
0.0846591
0.0742626
0.0645073
0.0589608
0.059718
0.0666115
0.0773151
0.0882832
0.0961233
0.0988418
0.0964689
0.090846
0.0847093
0.0804877
0.0793298
0.080751
0.083013
0.0840321
0.0823979
0.0780554
0.0723654
0.0675313
0.0656506
0.0677987
0.0735258
0.0809692
0.0875236
0.0907962
0.0894704
0.0837591
0.0753009
0.0665699
0.0600412
0.0574168
0.0591642
0.0644816
0.0716476
0.0785971
0.0835216
0.0853255
0.0838438
0.079808
0.0746061
0.0699116
0.0672619
0.0676648
0.0713136
0.0774856
0.0846766
0.0909747
0.0946006
0.0944692
0.0905841
0.0841049
0.0770219
0.0715135
0.0691957
0.0705387
0.0746871
0.0797765
0.0836503
0.0847075
0.0825454
0.0781284
0.0733958
0.0704548
0.070683
0.0741148
0.0793829
0.0842565
0.0865689
0.0851551
0.0804019
0.0741675
0.0690853
0.0675241
0.0706302
0.0778419
0.0870813
0.0955437
0.10076
0.101498
0.0981351
0.0923826
0.0864854
0.0822729
0.0804666
0.0805351
0.0811354
0.0809146
0.0792865
0.0768081
0.0749668
0.0754573
0.0792709
0.0860177
0.0938211
0.0998819
0.10152
0.0972811
0.0876474
0.0750379
0.0630594
0.0552774
0.053971
0.0593464
0.0695062
0.0811732
0.0908784
0.0961499
0.0962607
0.0922834
0.0864823
0.0813297
0.0785603
0.0786282
0.0807418
0.0834007
0.0851583
0.0852629
0.0839093
0.082025
0.0807229
0.0806962
0.0818428
0.0832913
0.0838161
0.0824471
0.0789962
0.074257
0.0697752
0.0672745
0.0679731
0.0720697
0.0786166
0.0858332
0.091739
0.094856
0.094709
0.0919354
0.0879745
0.0844741
0.0826533
0.0828734
0.0845743
0.0865851
0.0876693
0.0870774
0.084881
0.0819565
0.0796266
0.0791038
0.0809586
0.0848264
0.0894754
0.0932225
0.0945475
0.0926823
0.0879491
0.0817158
0.0759692
0.0726481
0.0729697
0.07699
0.0835608
0.0907065
0.096294
0.0987626
0.0976536
0.0937513
0.0887858
0.0848057
0.0834505
0.0853899
0.0901294
0.0962455
0.101947
0.105736
0.106911
0.105723
0.103131
0.100291
0.0980025
0.0963618
0.0947775
0.0923475
0.0884241
0.0831085
0.0774291
0.0730902
0.0718592
0.07483
0.0818686
0.091492
0.101263
0.108574
0.111521
0.109542
0.10355
0.095533
0.0877738
0.0820285
0.0789833
0.0782068
0.0785815
0.0789957
0.0789607
0.0788597
0.0797065
0.0825242
0.0876404
0.0942504
0.100493
0.10406
0.103111
0.0971078
0.0871982
0.0759379
0.066428
0.0611914
0.0612409
0.065724
0.0722993
0.0780971
0.080869
0.0798529
0.0759974
0.071463
0.0686262
0.0690209
0.072677
0.0781365
0.0831302
0.0856073
0.0846543
0.0808924
0.076176
0.072727
0.0720991
0.0744429
0.0784175
0.0818027
0.0825511
0.0798097
0.0744428
0.0687926
0.0657485
0.0675043
0.0745338
0.0852404
0.0964565
0.104614
0.107114
0.103336
0.0948694
0.0848676
0.0767998
0.0731094
0.0743321
0.0790184
0.0844675
0.0879396
0.0878228
0.0842642
0.079018
0.0746038
0.0731577
0.0754827
0.0807018
0.0866492
0.0908128
0.0914117
0.0881445
0.0823012
0.076207
0.0722561
0.0719487
0.0753294
0.0810336
0.0868846
0.0907591
0.0913511
0.0885383
0.0832554
0.0769965
0.0712145
0.0668916
0.0644344
0.0638624
0.0651109
0.0682239
0.0732971
0.0801898
0.0881859
0.0958424
0.101206
0.1024
0.0983775
0.0895361
0.0778588
0.066458
0.0586191
0.0566786
0.0611722
0.070605
0.0819617
0.0917777
0.0973602
0.0976833
0.0936117
0.0873848
0.0815961
0.0781063
0.0773461
0.0782857
0.0790575
0.0779345
0.0742205
0.0686515
0.0631295
0.0599061
0.0605736
0.0653092
0.0727059
0.080272
0.0853931
0.0863563
0.0830103
0.0767974
0.0701544
0.0655465
0.064536
0.0672591
0.0724976
0.0782777
0.0827111
0.0847159
0.0843269
0.0825054
0.0805763
0.0795763
0.0798113
0.0808073
0.0816468
0.0815059
0.0801259
0.0779919
0.0761387
0.0756763
0.077256
0.0807204
0.0850924
0.088909
0.090753
0.0897634
0.0859258
0.0800482
0.0734655
0.0676162
0.063664
0.062284
0.063638
0.0674755
0.0732568
0.080226
0.0874282
0.0937353
0.0979628
0.0991213
0.096755
0.0912371
0.0838595
0.0766052
0.0716144
0.0704966
0.0737397
0.0804625
0.0886437
0.0957781
0.0997323
0.0994755
0.0954007
0.0891083
0.0827425
0.0781538
0.076232
0.0766769
0.078284
0.0795972
0.079624
0.0782876
0.0764132
0.075265
0.0758561
0.0783671
0.0819581
0.0850847
0.0861912
0.084469
0.0803277
0.0753352
0.0716233
0.0709914
0.0740961
0.0800895
0.0868887
0.0919865
0.0934737
0.0908401
0.0852046
0.0788666
0.0743563
0.0733869
0.0761539
0.0812838
0.0864553
0.0894236
0.089001
0.0855638
0.0808581
0.0771875
0.0763366
0.0787111
0.0830858
0.0870965
0.0882817
0.0852359
0.0783699
0.0699262
0.0632058
0.0612959
0.0658071
0.0761389
0.0895854
0.102259
0.110476
0.112064
0.107088
0.0977204
0.0873346
0.0792046
0.0753304
0.0758453
0.0792062
0.083038
0.0852441
0.0849033
0.0825846
0.0799736
0.0790024
0.0808821
0.0854723
0.091264
0.0959895
0.0975954
0.0951647
0.0893873
0.0823738
0.0768738
0.0752134
0.0783782
0.0856118
0.0946886
0.102751
0.107373
0.107442
0.103502
0.0974648
0.0918027
0.0885744
0.0886636
0.0915272
0.0955288
0.0986975
0.0995859
0.0978689
0.0944417
0.0909873
0.0892008
0.0900019
0.0930705
0.0969066
0.0994063
0.0987289
0.0941108
0.0862921
0.0773693
0.0701103
0.0669763
0.0692178
0.0763864
0.0864521
0.0964876
0.103666
0.106205
0.103906
0.0981041
0.0910738
0.0851214
0.0817419
0.0811537
0.0823801
0.0838141
0.0840101
0.0823548
0.0793286
0.0762473
0.0746008
0.0752871
0.0780931
0.0816777
0.0840957
0.0836635
0.0797982
0.0734465
0.0668746
0.062846
0.0634873
0.0692961
0.0787248
0.0885657
0.0950476
0.0952565
0.0883369
0.0759819
0.0619814
0.0509548
0.0467219
0.0509205
0.0624017
0.07764
0.0920091
0.101438
0.103818
0.0996268
0.0915575
0.0833265
0.0781515
0.0775174
0.0807118
0.0852884
0.0882407
0.0873788
0.0823328
0.074771
0.0677495
0.0644708
0.0669645
0.0752264
0.087156
0.0993036
0.108113
0.111162
0.107924
0.0997941
0.0894145
0.0796306
0.0725095
0.0687988
0.0679845
0.0688412
0.070168
0.0713587
0.0725604
0.0743929
0.0774096
0.0815975
0.0861833
0.0898562
0.0913116
0.0898624
0.0858233
0.0804769
0.075615
0.0728451
0.0729565
0.0756192
0.0795413
0.083012
0.0845946
0.0836746
0.0806443
0.0766678
0.073154
0.0711847
0.0711436
0.0726879
0.0750367
0.0774097
0.0793903
0.0810425
0.0827418
0.0848268
0.0872684
0.0895437
0.0907951
0.0902139
0.0874675
0.0829563
0.0777624
0.0732891
0.0707359
0.0706364
0.0726612
0.0757717
0.0786572
0.0802597
0.0801586
0.0786564
0.0765476
0.0746953
0.0736277
0.0733414
0.0733937
0.0732203
0.0725028
0.0713885
0.0704426
0.0703504
0.0715173
0.0737786
0.0763819
0.0782765
0.0785927
0.0770864
0.0743313
0.0715445
0.070104
0.0709652
0.0742385
0.0791261
0.0842537
0.0882484
0.0902953
0.0904129
0.0893189
0.0879564
0.0869236
0.0861059
0.0847225
0.0817971
0.0768411
0.0704055
0.0641808
0.0605134
0.0614781
0.0678769
0.0786221
0.090836
0.100719
0.104898
0.101737
0.0920698
0.0789965
0.0668047
0.059392
0.0588262
0.064623
0.0740423
0.0832821
0.0890735
0.090004
0.0870127
0.082849
0.0807351
0.0828185
0.0890985
0.0973145
0.103866
0.105385
0.100291
0.0896356
0.0768495
0.0664637
0.0623072
0.0659325
0.0759291
0.0884233
0.0985741
0.102458
0.0985794
0.0883944
0.0756623
0.0649061
0.0596365
0.0610653
0.067811
0.0766675
0.0840634
0.0875597
0.0867531
0.0832275
0.07963
0.0783228
0.0802367
0.0844412
0.0886136
0.0901825
0.0876154
0.0812626
0.0733597
0.0671712
0.0656296
0.0700533
0.0794942
0.0910016
0.100703
0.105263
0.103125
0.0950591
0.0837987
0.0729681
0.0657368
0.0637477
0.0667129
0.0727741
0.079413
0.0844897
0.0869772
0.0871297
0.0860885
0.0851695
0.0851897
0.0861334
0.0872771
0.0876669
0.0866877
0.0844385
0.0817386
0.0797736
0.0795618
0.0814969
0.0851755
0.0895761
0.0934897
0.0959925
0.0967447
0.0959975
0.0943381
0.0923264
0.0902206
0.0879309
0.0852142
0.0819906
0.0785974
0.0758193
0.074648
0.0758637
0.0796294
0.0853007
0.0915632
0.0968651
0.0999725
0.100417
0.0986462
0.0958086
0.0932816
0.0921355
0.0927654
0.0948303
0.0974947
0.0998361
0.101216
0.101448
0.100713
0.0993013
0.0973605
0.0948029
0.0914478
0.087324
0.0829512
0.0794009
0.0780282
0.0799248
0.085311
0.0931549
0.101253
0.106836
0.107518
0.102259
0.0919252
0.0791878
0.0677286
0.0610133
0.0610744
0.0677732
0.0788357
0.0906645
0.099624
0.103308
0.101309
0.0952059
0.0878008
0.0819358
0.0793736
0.0801904
0.0829036
0.0852484
0.0852512
0.0821341
0.0766676
0.0708326
0.0669456
0.066628
0.0700638
0.0758604
0.0815765
0.0846988
0.0836667
0.0785268
0.0709523
0.063625
0.059229
0.059454
0.0643945
0.0725584
0.0814581
0.0885314
0.0920273
0.0915271
0.0879343
0.0829851
0.0785093
0.0757541
0.075026
0.0757607
0.0769462
0.0776862
0.0776514
0.077228
0.0773148
0.0788688
0.0824018
0.0876468
0.0935387
0.0985225
0.101076
0.100249
0.0960184
0.0893297
0.081816
0.0752942
0.0712197
0.0702817
0.0722652
0.0762066
0.0807669
0.0846796
0.0871153
0.0878509
0.0872083
0.0858155
0.0843024
0.0830573
0.0821323
0.0813201
0.0803462
0.0790763
0.0776341
0.0763675
0.0756768
0.0757842
0.0765622
0.0775209
0.0779855
0.0774092
0.0756899
0.0733395
0.0713978
0.0710841
0.0732983
0.0781646
0.0848205
0.0915753
0.0964196
0.0977194
0.0948355
0.0884125
0.080203
0.0724677
0.0671726
0.0652989
0.0665471
0.0695659
0.0726167
0.0743955
0.0746505
0.0743115
0.0750428
0.0783893
0.0848769
0.0934786
0.10173
0.106517
0.105264
0.0970648
0.0832755
0.0672766
0.0534416
0.0456596
0.0459661
0.0538097
0.0662518
0.0790342
0.0881097
0.091051
0.0878014
0.080501
0.0724905
0.0669225
0.0655518
0.0681826
0.0729643
0.0773625
0.0793584
0.0783441
0.0753339
0.0724187
0.0717274
0.0743722
0.0798592
0.0862341
0.0909072
0.0917982
0.0882963
0.0816081
0.0743282
0.0694047
0.0689311
0.0732772
0.0809232
0.0890667
0.0947436
0.0959935
0.0925888
0.0860397
0.0788978
0.0736738
0.0718357
0.0733009
0.0766127
0.0796886
0.0807936
0.0793072
0.0759613
0.0724705
0.0707396
0.0720112
0.0763233
0.0824985
0.0886442
0.0929265
0.0942749
0.0927262
0.0892923
0.0854498
0.0825059
0.0811271
0.0812169
0.0821507
0.0832107
0.0839813
0.084508
0.0851574
0.0862762
0.0878537
0.0893887
0.0900554
0.089103
0.0862965
0.0821632
0.0778959
0.0749165
0.0742755
0.0761522
0.0796946
0.0832945
0.0852066
0.0842588
0.0803576
0.0745702
0.0687464
0.0648359
0.0641826
0.0670795
0.0727459
0.0797033
0.0863576
0.0915264
0.0946977
0.0959519
0.0956468
0.0940715
0.0912752
0.0871659
0.0818166
0.0757868
0.0702386
0.0667117
0.0665956
0.070503
0.0778338
0.08677
0.094772
0.0994262
0.0993229
0.0946043
0.0869398
0.0789148
0.0730654
0.0709472
0.0726155
0.0767258
0.0812016
0.0841728
0.0847787
0.0834872
0.0818011
0.0814896
0.083695
0.0883189
0.0939713
0.098516
0.0999827
0.0974519
0.0915256
0.0841726
0.0780028
0.0752672
0.0769956
0.0826178
0.0902101
0.0972462
0.101534
0.101955
0.0987425
0.0932185
0.0871746
0.0821768
0.0790984
0.0780368
0.0785801
0.0802274
0.0827168
0.0860858
0.0904513
0.0956584
0.101025
0.105372
0.107389
0.106195
0.101836
0.0954688
0.0890828
0.084831
0.084223
0.0875133
0.0935558
0.100207
0.105128
0.106657
0.104398
0.0992813
0.0930866
0.0876474
0.0840937
0.0824642
0.0818508
0.0809931
0.0790327
0.0760635
0.0732031
0.072129
0.074273
0.0800328
0.0883726
0.0970219
0.103232
0.104796
0.100925
0.0926036
0.082279
0.0729896
0.0672848
0.0663587
0.0697315
0.0755776
0.0815351
0.085643
0.0870173
0.086012
0.0838411
0.081873
0.0809373
0.0809591
0.0810709
0.0801309
0.077385
0.0729534
0.0679022
0.0638558
0.0623142
0.0639798
0.0683963
0.0740699
0.0790347
0.0816288
0.0811581
0.0781703
0.0742266
0.0712699
0.0708526
0.073539
0.0787168
0.0848753
0.0902163
0.0933341
0.0936875
0.0916912
0.0884241
0.0851115
0.0826233
0.0812039
0.0805296
0.080036
0.0793342
0.0785021
0.0781008
0.0789012
0.0814457
0.0856544
0.090676
0.0950799
0.0973405
0.0964281
0.0922657
0.0858507
0.0789702
0.0736002
0.0712095
0.072233
0.0759225
0.0806368
0.0844643
0.085943
0.084599
0.0810973
0.0769447
0.0738629
0.0730786
0.0748142
0.0781892
0.0815801
0.0833062
0.0823701
0.0789482
0.0744141
0.0708526
0.0702282
0.0735215
0.0801841
0.0881604
0.0945202
0.0965066
0.092627
0.0833665
0.07122
0.0599783
0.0534813
0.054269
0.062622
0.0763611
0.0915092
0.103598
0.109159
0.106861
0.0978827
0.0853842
0.0733075
0.0649564
0.0619075
0.0636519
0.06807
0.0725067
0.0749747
0.0749725
0.0735784
0.0727998
0.0744806
0.0792682
0.0861177
0.0925848
0.0958083
0.0937734
0.0863052
0.0753342
0.0642762
0.0567461
0.0551221
0.0595611
0.0678975
0.0764959
0.0817277
0.0814716
0.0760109
0.0679442
0.0611306
0.0590945
0.0635478
0.0736419
0.0862656
0.0972653
0.103087
0.102158
0.0954474
0.0859823
0.0775457
0.0731112
0.0736775
0.0779798
0.0831769
0.086193
0.0851221
0.0800864
0.0731851
0.0675713
0.0660662
0.0699153
0.0782189
0.0882698
0.0966395
0.100537
0.0988637
0.092535
0.0839704
0.0760143
0.0707833
0.0689427
0.0696965
0.071442
0.0727365
0.0730927
0.0732168
0.074577
0.0785159
0.0853469
0.0938937
0.101735
0.106097
0.105022
0.0983116
0.0877918
0.0767643
0.0688231
0.0665123
0.070369
0.0787416
0.0884526
0.0960269
0.0989843
0.0966789
0.0903773
0.0825894
0.0759746
0.0722996
0.0718718
0.0736435
0.0758809
0.077057
0.0765555
0.0748848
0.0733392
0.0732987
0.0755078
0.0796687
0.0845238
0.0883739
0.0897889
0.0881935
0.0840841
0.0788088
0.074037
0.071163
0.0708921
0.0731442
0.0772551
0.082322
0.0875073
0.0921704
0.0958228
0.0980082
0.0982509
0.096164
0.091693
0.085363
0.0783525
0.0722781
0.0687106
0.0685944
0.0718238
0.0771982
0.0828234
0.0868312
0.0881236
0.0868154
0.0841617
0.0819789
0.0818013
0.0841491
0.0882501
0.0923643
0.0945839
0.0937553
0.0900926
0.0851755
0.0812971
0.0804291
0.083268
0.0888142
0.0947145
0.0982591
0.0976145
0.0927414
0.085557
0.0792196
0.0768045
0.0799263
0.087918
0.0979583
0.106141
0.109063
0.105266
0.095911
0.0843735
0.0749068
0.0709278
0.0736477
0.0816305
0.0914674
0.099274
0.102358
0.10033
0.0951853
0.0903054
0.0888551
0.0922712
0.0995347
0.10756
0.112544
0.111681
0.104488
0.0931332
0.0816104
0.0740882
0.0731558
0.0787197
0.0880413
0.0969044
0.10141
0.0996217
0.0923406
0.082687
0.0746699
0.0713861
0.0736483
0.0796555
0.085855
0.088619
0.0859855
0.0786777
0.069919
0.0640893
0.0647798
0.0730862
0.0868951
0.101515
0.111435
0.112505
0.103653
0.0874242
0.0690975
0.0547335
0.0489169
0.0530863
0.0650928
0.0801265
0.0926071
0.0982698
0.0956326
0.0863172
0.074175
0.0636432
0.0580342
0.0584316
0.0635737
0.0706739
0.0767532
0.0798857
0.0798496
0.0779692
0.0762942
0.076534
0.0792354
0.083551
0.0876645
0.0896506
0.0883723
0.0840253
0.0781096
0.0728632
0.0704079
0.071963
0.0774226
0.0854318
0.0938878
0.100642
0.104136
0.103764
0.0998932
0.093607
0.0863119
0.079367
0.0738328
0.0703606
0.069188
0.070185
0.0729197
0.0767392
0.0808815
0.0846226
0.0874322
0.0890815
0.0896506
0.089414
0.0886464
0.0874391
0.0856302
0.0829075
0.0790585
0.0742568
0.0692295
0.0651794
0.0634379
0.0649494
0.0697922
0.0769592
0.0845389
0.090283
0.0923759
0.0901206
0.0842572
0.0767663
0.0702038
0.0668054
0.0676972
0.0725152
0.0795742
0.086512
0.0911503
0.0922344
0.0897805
0.0849265
0.079389
0.0747791
0.0720644
0.0713751
0.0721847
0.0737271
0.075421
0.0770949
0.0789219
0.0811311
0.083675
0.0860553
0.0874246
0.0869374
0.0841898
0.0795258
0.07404
0.0692398
0.0664915
0.066484
0.0689468
0.0727567
0.0763949
0.0785634
0.0786949
0.0771363
0.0749322
0.0733108
0.0731087
0.0743937
0.0764556
0.0781627
0.07852
0.0771673
0.0745882
0.0719285
0.0705002
0.0711915
0.0740451
0.0781944
0.0821926
0.0845959
0.0845563
0.0821764
0.0784852
0.0750514
0.0734027
0.0744811
0.0783406
0.084175
0.0906272
0.0962297
0.0997986
0.100658
0.0986692
0.0941218
0.0875999
0.0798909
0.071955
0.0649015
0.0598963
0.0579557
0.0596605
0.0648943
0.0727409
0.0816322
0.0897396
0.095492
0.098028
0.0974047
0.0944756
0.0904901
0.0865892
0.0834159
0.0810059
0.0789903
0.0769932
0.0750089
0.0735506
0.0734749
0.0755446
0.0799398
0.0859688
0.0921556
0.0967142
0.0982304
0.0962591
0.0915585
0.0858306
0.0810528
0.0786755
0.0790331
0.0812338
0.0835864
0.084381
0.0826771
0.07874
0.0739231
0.0700433
0.0685349
0.0697772
0.07292
0.0763026
0.078284
0.0780946
0.0762916
0.074566
0.0749493
0.0787567
0.0857587
0.0940012
0.100428
0.1021
0.0975127
0.0874401
0.074885
0.0640946
0.0589892
0.0616299
0.0713564
0.0849736
0.0979343
0.106054
0.107063
0.101379
0.0917779
0.0821538
0.0758775
0.0744761
0.0771695
0.0814374
0.0843304
0.0839199
0.0802307
0.0752341
0.0719078
0.0727888
0.0786784
0.0881007
0.0977833
0.103981
0.10408
0.0977926
0.0873961
0.0769074
0.0705026
0.0708451
0.0780136
0.089475
0.101109
0.108847
0.110254
0.105392
0.0966523
0.0876573
0.0817216
0.0805353
0.0836058
0.0886523
0.092741
0.0936384
0.0907939
0.0855453
0.0804896
0.0783212
0.080653
0.0873192
0.0964304
0.105126
0.110675
0.111468
0.107503
0.100235
0.091909
0.0847176
0.0801248
0.0786063
0.0798147
0.0829957
0.0873946
0.092447
0.097702
0.102596
0.106282
0.107696
0.105896
0.100536
0.0922431
0.0826548
0.0740191
0.068469
0.0672435
0.0701896
0.0757805
0.0816751
0.0856072
0.0862468
0.0836733
0.0792679
0.0750768
0.0729263
0.0736723
0.0769019
0.0811976
0.0848241
0.0865118
0.0859809
0.0839764
0.0818191
0.0807001
0.0810676
0.0823998
0.0834751
0.08301
0.0803546
0.0759061
0.0710257
0.06748
0.0666522
0.0688856
0.0732718
0.0779952
0.0810939
0.0813027
0.0785998
0.074209
0.0700543
0.0679115
0.0686407
0.0718461
0.076116
0.0797261
0.0814763
0.0812659
0.0801321
0.0797237
0.0814493
0.0856977
0.0915092
0.0968747
0.0995597
0.0981003
0.0925284
0.0844878
0.0766645
0.0717554
0.0714037
0.0755568
0.0825154
0.089652
0.0944851
0.0956445
0.093322
0.0890305
0.0848056
0.082229
0.081723
0.0824356
0.0827597
0.0812325
0.0773843
0.0721213
0.0674386
0.0655656
0.0679153
0.074315
0.0828881
0.0906811
0.0948005
0.0935948
0.0873764
0.0783648
0.0698526
0.0649249
0.0652527
0.0704546
0.0782851
0.0855654
0.089469
0.0886312
0.0836352
0.0766949
0.0706871
0.0679531
0.0693707
0.0740696
0.079886
0.0843385
0.0856997
0.0837111
0.0796516
0.0757493
0.0741988
0.0762016
0.081425
0.0880937
0.0936616
0.0957856
0.0932112
0.0862355
0.0765938
0.066845
0.0595145
0.0563194
0.0577377
0.0630248
0.0706047
0.0786369
0.0855329
0.090259
0.092384
0.09194
0.0892264
0.0846746
0.0788212
0.0723576
0.0661693
0.0612793
0.0586637
0.0589812
0.062321
0.0680822
0.0750603
0.0817361
0.0866808
0.0889434
0.0882915
0.0852297
0.0808035
0.0762666
0.0727335
0.0709255
0.0710723
0.0729659
0.0761126
0.0799062
0.0837578
0.0871585
0.0896885
0.0910131
0.0909045
0.0893024
0.0863944
0.0826683
0.078888
0.0759632
0.0747278
0.0756834
0.0787906
0.0833939
0.0883278
0.092199
0.0937752
0.0923667
0.0880767
0.0818249
0.0751172
0.0696187
0.0666561
0.0668136
0.0697621
0.0743923
0.079216
0.0829001
0.0847419
0.0849033
0.0843061
0.0842134
0.0856533
0.0889103
0.093301
0.0973506
0.0993296
0.0979573
0.0929973
0.0854882
0.0774841
0.0713707
0.0689977
0.0709629
0.0763384
0.0829724
0.0882736
0.0901865
0.0879816
0.0825423
0.0760269
0.0710286
0.0695619
0.0722772
0.078213
0.0851811
0.0906227
0.092583
0.0904139
0.0849327
0.0780003
0.0717259
0.0676543
0.066283
0.0670924
0.0690363
0.0712232
0.0734387
0.0762396
0.0805608
0.0870213
0.0952796
0.103791
0.110152
0.111952
0.107795
0.0980585
0.085007
0.0721642
0.0631308
0.0603037
0.0640102
0.0724176
0.0822709
0.0901662
0.0938428
0.092968
0.0891004
0.0848664
0.082719
0.0838243
0.0875613
0.0918505
0.0941602
0.0927402
0.0875265
0.0803005
0.0740119
0.0715419
0.0744369
0.0821674
0.0922471
0.101184
0.105874
0.104856
0.0989014
0.0906835
0.0836754
0.0807312
0.0829476
0.0892723
0.0970055
0.102963
0.104797
0.101916
0.0956342
0.0885167
0.0832352
0.0814422
0.083151
0.0868681
0.090388
0.0918726
0.0907195
0.0878327
0.0851806
0.0848491
0.0880184
0.0943248
0.101896
0.108054
0.110383
0.107721
0.100651
0.0913018
0.0825518
0.0769657
0.0759023
0.0791247
0.085029
0.0913475
0.0960054
0.097782
0.0965474
0.0930511
0.0884307
0.0837046
0.0794745
0.0759298
0.0730783
0.0710207
0.0700788
0.0706887
0.0731075
0.0771056
0.0818343
0.085986
0.0882185
0.0876751
0.0843677
0.079239
0.073853
0.0698321
0.0682744
0.0693953
0.0725394
0.076539
0.080244
0.082973
0.0846838
0.0858011
0.0868071
0.0878195
0.0883859
0.0876203
0.0846386
0.0790925
0.0715435
0.0634724
0.056883
0.0536368
0.0547864
0.0601828
0.068518
0.0777823
0.0859412
0.0915564
0.0941125
0.0939607
0.0919597
0.089025
0.0858092
0.0826462
0.0797337
0.077394
0.0762111
0.0769085
0.0799891
0.0853096
0.0918397
0.0978002
0.101207
0.10064
0.0959192
0.0883456
0.0803465
0.0746007
0.0729732
0.0757083
0.0812541
0.0868453
0.0896418
0.0879642
0.0820921
0.0742494
0.0677374
0.0655428
0.069001
0.0770975
0.0867459
0.0939733
0.0955505
0.0903905
0.0801122
0.0684954
0.0600167
0.0580476
0.0634583
0.0742173
0.0861708
0.0946997
0.0965775
0.0912644
0.0811012
0.0703231
0.0633072
0.0627841
0.0687582
0.0785775
0.0881065
0.0934948
0.0927816
0.0866618
0.0780984
0.0709685
0.0683386
0.0711248
0.0777174
0.0847327
0.0885606
0.0870313
0.0804651
0.0716343
0.0646285
0.0630919
0.0685767
0.0797228
0.0926355
0.102336
0.104711
0.0981795
0.0843889
0.0676653
0.0534242
0.0461712
0.0478777
0.0573501
0.0708098
0.0834162
0.0911063
0.0920254
0.0870167
0.0790371
0.0717967
0.0682141
0.0693165
0.0739989
0.0796836
0.0835474
0.083774
0.0803048
0.0747962
0.0698386
0.0677973
0.069779
0.0751584
0.0818509
0.0872013
0.0891059
0.0868982
0.0816371
0.0756866
0.0717657
0.071857
0.0764102
0.0841508
0.0925576
0.098812
0.100842
0.0980635
0.0915391
0.0835271
0.0766026
0.0727089
0.0724976
0.0751966
0.0790329
0.0820213
0.082799
0.0811727
0.0781692
0.0755757
0.0751549
0.0778497
0.083295
0.0898405
0.0950945
0.0967976
0.0937065
0.0861549
0.0760684
0.0664074
0.0602189
0.0596247
0.0651008
0.0753023
0.0874946
0.0984388
0.105417
0.107041
0.103583
0.0967203
0.0888435
0.0821863
0.0781112
0.0767978
0.0774091
0.0786241
0.0792853
0.0788841
0.0776931
0.0765171
0.0762028
0.0771465
0.0790364
0.0809509
0.0817738
0.0807375
0.0778473
0.0739819
0.0706097
0.0692262
0.070744
0.0750942
0.0812105
0.0874072
0.0919969
0.0938921
0.092947
0.0899112
0.0860368
0.0825271
0.08008
0.0787218
0.0779909
0.0773603
0.0766753
0.0763717
0.0773422
0.0804887
0.0861546
0.093711
0.101521
0.107359
0.10915
0.105774
0.0975785
0.086405
0.0750652
0.066452
0.0626086
0.0640967
0.069893
0.0778359
0.0854354
0.0907298
0.0928729
0.0922572
0.0901748
0.0881917
0.0875102
0.0885658
0.0909878
0.0938865
0.0963019
0.0976011
0.0976623
0.0967981
0.0954974
0.0941361
0.092809
0.0913567
0.0895584
0.0873769
0.0851166
0.0834029
0.0829769
0.084391
0.08774
0.0925459
0.0978475
0.102462
0.105312
0.10571
0.103498
0.099043
0.0931075
0.0866782
0.0808034
0.0764613
0.0744441
0.0752327
0.078862
0.0848153
0.0920207
0.0990091
0.104246
0.106557
0.105512
0.101595
0.096065
0.0905211
0.0863124
0.0840317
0.0833114
0.0830344
0.0818946
0.0790813
0.0747786
0.0702311
0.0672973
0.067641
0.0718927
0.0791577
0.0871373
0.092879
0.0939017
0.0892525
0.0800444
0.0692066
0.0604905
0.0570872
0.0603903
0.069407
0.0810749
0.0913832
0.0968696
0.095904
0.0892515
0.0796979
0.0708982
0.0659288
0.0661318
0.0707136
0.0772344
0.0827479
0.0850864
0.0837341
0.0799268
0.075959
0.0740327
0.0751771
0.0787334
0.0826452
0.0844277
0.0823844
0.0765182
0.0687115
0.062064
0.0596463
0.0631928
0.0722917
0.0844323
0.0959091
0.103222
0.104401
0.0997244
0.091538
0.0832747
0.0780886
0.0776665
0.0816886
0.0881201
0.0941667
0.0974572
0.0969478
0.0931894
0.0878962
0.0830591
0.0800307
0.0789975
0.079053
0.0788019
0.0771798
0.0740836
0.0705051
0.0681005
0.0683955
0.0719986
0.0781945
0.0851203
0.0904606
0.0923652
0.0901894
0.0847373
0.0779066
0.0718992
0.0683486
0.067743
0.0693828
0.071863
0.0738377
0.0746975
0.0748388
0.0754009
0.077594
0.0819407
0.0878014
0.0934331
0.0965956
0.0954702
0.0895047
0.0798148
0.0689464
0.0600666
0.0558832
0.0577073
0.0650112
0.0756377
0.0865588
0.0948813
0.0987217
0.0976539
0.092623
0.0854284
0.0780309
0.0719611
0.0680227
0.0663242
0.0665336
0.0681767
0.0708252
0.0741171
0.0776596
0.0809337
0.0833077
0.0841949
0.0832903
0.08076
0.0772618
0.07375
0.0711304
0.0699127
0.0700275
0.0709046
0.071788
0.0721443
0.0719642
0.0717977
0.0724836
0.0746866
0.0784577
0.0830464
0.0870883
0.0891255
0.0882515
0.0845947
0.0794004
0.0746344
0.0722375
0.0733271
0.0776852
0.0837699
0.0892764
0.0920399
0.0909172
0.0862825
0.0799177
0.0743306
0.0717678
0.073325
0.0785175
0.0854872
0.0917572
0.0952197
0.094946
0.091489
0.086563
0.0822513
0.0800892
0.0804183
0.0822875
0.0839373
0.0836517
0.0806047
0.075326
0.0695762
0.0656709
0.0655293
0.0698419
0.0777083
0.0869008
0.0946582
0.0986937
0.0980216
0.0932805
0.0864391
0.0800148
0.0761268
0.0757535
0.0784729
0.0827578
0.0866753
0.088689
0.0882365
0.0858647
0.0828984
0.0808055
0.0805406
0.0821404
0.0847286
0.0869129
0.0873939
0.0855272
0.0816088
0.0767721
0.0725473
0.0702666
0.0705551
0.0731035
0.0768043
0.0801879
0.0819815
0.0815763
0.0792327
0.075959
0.0731262
0.0719746
0.0731967
0.07674
0.0818797
0.0875077
0.0925091
0.0960787
0.0978706
0.0979539
0.0966292
0.094218
0.0909342
0.0868999
0.0822891
0.0775131
0.0733261
0.070755
0.0708301
0.0741891
0.0807019
0.0892865
0.0980394
0.104693
0.107284
0.104824
0.0977186
0.0877587
0.0776514
0.0702055
0.0674445
0.0699487
0.07667
0.0852971
0.0930548
0.0976552
0.098061
0.0947857
0.0896251
0.0849323
0.0827147
0.0839012
0.0880524
0.093613
0.098588
0.101359
0.10131
0.0990131
0.0959105
0.0936457
0.0933241
0.0950224
0.0977495
0.0998707
0.0998139
0.0967591
0.0910254
0.0839991
0.0776401
0.0737755
0.0734694
0.0767098
0.0825138
0.0893673
0.0957884
0.100767
0.103916
0.10532
0.105211
0.103673
0.100559
0.0956686
0.0890861
0.0814896
0.0742149
0.0689785
0.0673185
0.0699698
0.0764476
0.0850544
0.0933561
0.0989742
0.100392
0.0974557
0.0913604
0.0841328
0.0778208
0.0737338
0.0720454
0.0719112
0.0720258
0.0713465
0.0696431
0.0676138
0.0665151
0.0674803
0.070858
0.0759002
0.0809766
0.0842482
0.0845087
0.0818073
0.0775417
0.0739364
0.0730985
0.0760467
0.0821451
0.0892225
0.0943672
0.0950962
0.0904193
0.0813456
0.0705977
0.0616283
0.0573258
0.058932
0.0656098
0.0748301
0.0834093
0.088757
0.0898194
0.0873389
0.0833536
0.0801817
0.0793548
0.0809687
0.0837284
0.0856491
0.0850829
0.0815992
0.0763124
0.0714988
0.0696588
0.0724272
0.0798034
0.0900371
0.100224
0.107366
0.10946
0.106176
0.0988654
0.0899468
0.08194
0.0765779
0.0743402
0.0745552
0.0759515
0.077358
0.0782077
0.0786311
0.0791384
0.0801012
0.0813404
0.0820652
0.0812244
0.0781111
0.0729136
0.0669067
0.0621296
0.0606378
0.0636267
0.0708133
0.0803737
0.0895089
0.0954384
0.0964303
0.0924443
0.0851224
0.0771275
0.0711059
0.0687012
0.0700195
0.0737469
0.0778363
0.080447
0.0807178
0.0790522
0.0768137
0.0755994
0.0764402
0.0792961
0.0830688
0.0861151
0.0870122
0.0852189
0.081331
0.0768188
0.0733748
0.0721758
0.0733925
0.0761654
0.0790419
0.0806624
0.0803697
0.0784638
0.0759942
0.0742014
0.0738872
0.0750193
0.0767641
0.0779316
0.0776142
0.0757044
0.0730252
0.0709891
0.0709262
0.0733889
0.0777684
0.0824257
0.085316
0.0848535
0.0806474
0.0737791
0.0664818
0.0613373
0.0603121
0.0640245
0.0715327
0.0807173
0.0890777
0.094608
0.0963973
0.0947485
0.0908257
0.0860447
0.0815108
0.0777506
0.0748151
0.0726341
0.0713781
0.0715847
0.0739474
0.0788513
0.0859035
0.0937379
0.100268
0.103352
0.101626
0.0951416
0.085511
0.0754379
0.0677926
0.0645904
0.0662901
0.0717082
0.07858
0.0845249
0.0879925
0.0887817
0.0879178
0.0869644
0.0871122
0.0884859
0.0900182
0.0899699
0.0868693
0.0804277
0.0719741
0.0641513
0.0599472
0.0614464
0.068846
0.0801915
0.0919995
0.100549
0.103324
0.0999972
0.0925349
0.08435
0.0788564
0.0780324
0.0816093
0.0872415
0.0915925
0.0918694
0.0871361
0.0788191
0.0701608
0.0648366
0.065318
0.0716972
0.0815049
0.0906373
0.0950348
0.092418
0.0833455
0.0711217
0.0605589
0.0560742
0.0598909
0.0710818
0.0858567
0.0989919
0.105837
0.104099
0.094698
0.0813694
0.0691865
0.0626116
0.0638505
0.0721434
0.0842323
0.0957644
0.10303
0.104324
0.10041
0.0939537
0.0882247
0.0856424
0.0867924
0.090298
0.0935641
0.0940391
0.0904319
0.0833611
0.0751627
0.0689497
0.0673234
0.0712806
0.0797645
0.0900392
0.0987287
0.103095
0.102048
0.0964959
0.0889264
0.0823991
0.0793691
0.0807964
0.0858714
0.0924289
0.0978587
0.100135
0.0985646
0.0939893
0.0883843
0.0840503
0.0827224
0.0849398
0.0899005
0.0958282
0.100686
0.102949
0.102141
0.0989504
0.0948904
0.0916672
0.0904953
0.0916263
0.0942629
0.0968831
0.0978445
0.0960396
0.0913573
0.0847781
0.0780687
0.0731875
0.0716173
0.0738643
0.0793027
0.0864099
0.0932993
0.0983448
0.100666
0.100306
0.0980477
0.0949809
0.092003
0.0894773
0.0871869
0.0845933
0.0812662
0.0772714
0.0733121
0.0705276
0.0700109
0.0722453
0.0767249
0.0819624
0.0859397
0.0868579
0.0838984
0.0776691
0.0701153
0.0638779
0.06132
0.0635912
0.0701146
0.0787277
0.086453
0.0906152
0.0898663
0.0847028
0.0772568
0.0704318
0.0667334
0.0672729
0.0713626
0.0768752
0.0812218
0.0825319
0.0805249
0.0766816
0.0736148
0.0738839
0.0787496
0.0874111
0.0970896
0.103976
0.104698
0.0977393
0.084214
0.0676744
0.0529747
0.0446099
0.0451502
0.0543646
0.0693562
0.0856421
0.098748
0.105705
0.1059
0.100995
0.0940239
0.0880725
0.0850884
0.0852874
0.0873364
0.0891709
0.0890505
0.0863838
0.0819803
0.0776509
0.0753628
0.076332
0.0804525
0.0862963
0.0916719
0.0944925
0.0935859
0.0891192
0.082484
0.0757149
0.0706997
0.0685048
0.0690723
0.071374
0.0739218
0.0753994
0.0751558
0.0733844
0.0709542
0.0689997
0.0684595
0.0697468
0.0726558
0.0765031
0.0804124
0.0836134
0.0856468
0.0864277
0.0861806
0.085301
0.0842063
0.0832176
0.0824878
0.0819756
0.0814627
0.0806191
0.0791199
0.0768004
0.0738074
0.0706805
0.0682932
0.0676285
0.069427
0.0738224
0.0801171
0.0868297
0.0920555
0.0940577
0.0918944
0.08584
0.0774129
0.0689568
0.0628977
0.0609354
0.0634715
0.0694923
0.0769548
0.0835253
0.0873816
0.0877691
0.0851134
0.0806792
0.0759593
0.0720787
0.069474
0.067963
0.0671246
0.0667568
0.0671446
0.0689669
0.0728648
0.0788819
0.0860851
0.0926189
0.0962604
0.0952964
0.0893606
0.0798373
0.0695862
0.0620203
0.0598584
0.0640481
0.0733178
0.0845864
0.0941042
0.0988891
0.0978732
0.0922815
0.0850686
0.0796371
0.0783718
0.0816118
0.0875117
0.0928644
0.0945469
0.0909702
0.0828965
0.0732478
0.0659512
0.0642901
0.0694531
0.0799083
0.0918972
0.100873
0.103306
0.098124
0.0871715
0.0745098
0.0648226
0.0615824
0.0657201
0.0753297
0.0865077
0.0949604
0.0977059
0.0941762
0.0862932
0.077533
0.0714111
0.0700473
0.0734066
0.0795013
0.085414
0.0886584
0.0882616
0.0851045
0.0813954
0.0795456
0.0809715
0.085377
0.0908373
0.0946507
0.0945727
0.0898836
0.0818085
0.0730964
0.0669311
0.0656346
0.0697114
0.077633
0.0864425
0.0929177
0.094801
0.0915985
0.0846449
0.0764528
0.06966
0.0660352
0.0659478
0.0684806
0.0720702
0.0753414
0.0777361
0.0796596
0.0821071
0.0859785
0.091432
0.0975997
0.102817
0.10527
0.103784
0.0983846
0.090392
0.0819954
0.0754811
0.0724425
0.0732886
0.0772322
0.0827268
0.0881314
0.0923043
0.0948819
0.0961607
0.0966909
0.096817
0.0964109
0.0949363
0.0918095
0.0868696
0.0807082
0.0746685
0.0704723
0.0696107
0.0727477
0.0793941
0.087999
0.0964348
0.102687
0.105487
0.104644
0.100995
0.0960003
0.0912078
0.0877799
0.0862604
0.0866116
0.0884351
0.0912214
0.094496
0.0978135
0.100659
0.10238
0.102262
0.0997781
0.0949149
0.0884227
0.0818034
0.0769641
0.0756046
0.0785498
0.0853025
0.0940393
0.102109
0.106892
0.106719
0.10149
0.0927498
0.0831503
0.0755126
0.0718234
0.0725621
0.0766152
0.0818048
0.0858131
0.0871248
0.0856073
0.0824977
0.0798097
0.0794128
0.0821679
0.0874817
0.0934672
0.0976523
0.097953
0.0935226
0.0851361
0.0749576
0.0657802
0.0600358
0.0589547
0.0621887
0.0680253
0.0740873
0.0782349
0.0793179
0.0775051
0.0740924
0.0708984
0.0695089
0.0706743
0.0740824
0.078569
0.0826501
0.0851365
0.0855782
0.0843658
0.0824709
0.0809557
0.0804759
0.0809914
0.081811
0.0819462
0.0806207
0.0777119
0.0739252
0.0706102
0.069274
0.0709735
0.0758273
0.0828489
0.0901875
0.0957055
0.0976948
0.0954716
0.0896325
0.0818747
0.074441
0.0693885
0.0679419
0.070156
0.0749958
0.0807842
0.0858352
0.0890295
0.0901216
0.0896844
0.0887425
0.0882644
0.0887347
0.0899787
0.0912995
0.0918497
0.0910609
0.0889321
0.0860446
0.0832968
0.0814777
0.0808775
0.0811175
0.0812922
0.0803727
0.0777038
0.0733727
0.0682787
0.0638514
0.0615217
0.0621577
0.0657021
0.0711669
0.076995
0.0816412
0.0841312
0.0843667
0.0830548
0.0813025
0.080066
0.0797051
0.0798499
0.0796407
0.0782341
0.0753403
0.0715312
0.0681547
0.0668597
0.0689137
0.0745974
0.0829414
0.0919368
0.0991594
0.102571
0.101192
0.09539
0.0866837
0.0771716
0.0688231
0.0629207
0.0598517
0.0592812
0.0605669
0.0631798
0.0669153
0.0718011
0.0777745
0.084333
0.0903861
0.0944469
0.0951325
0.0917757
0.0848654
0.0760786
0.0678295
0.062471
0.0614499
0.0647609
0.0709373
0.0776031
0.0823767
0.0837661
0.0816943
0.0774458
0.0730685
0.0704919
0.0707405
0.0735696
0.0776658
0.0813023
0.0831447
0.0828432
0.0811477
0.0795036
0.079322
0.0812631
0.0848692
0.0887216
0.09106
0.0905905
0.0871179
0.0817151
0.0763407
0.0730635
0.0732216
0.0768785
0.0828025
0.088972
0.0933816
0.0948018
0.0931768
0.0895146
0.085351
0.0820532
0.0802816
0.0798415
0.0799585
0.0798112
0.0790386
0.0779598
0.0773956
0.0781811
0.0806226
0.084184
0.0875888
0.0893217
0.0883179
0.0845204
0.0790305
0.0737516
0.0706557
0.070981
0.0747107
0.0805687
0.0865407
0.0906971
0.0919563
0.0904579
0.0873874
0.084348
0.0825791
0.082392
0.0830871
0.0833901
0.0821959
0.0792535
0.0754441
0.0724875
0.0721804
0.0755029
0.0820099
0.0898177
0.09624
0.0988299
0.0963928
0.0895259
0.0804316
0.072065
0.066967
0.0662804
0.0693702
0.0742104
0.0783613
0.0800992
0.0791883
0.0769445
0.0755558
0.0769644
0.0818214
0.089009
0.0959789
0.0997977
0.0984625
0.0919127
0.0822708
0.0731613
0.0683521
0.0702541
0.0788962
0.0918058
0.104862
0.113793
0.115729
0.110207
0.0992559
0.0865575
0.0760477
0.0705277
0.0708104
0.0756834
0.0826257
0.0889169
0.0926588
0.0933135
0.0916103
0.0889562
0.0866829
0.0854924
0.0853251
0.085645
0.085935
0.0861028
0.0865732
0.0880168
0.0908688
0.0949104
0.0991624
0.102187
0.102689
0.100144
0.0951423
0.089271
0.0845393
0.0825925
0.0840512
0.0882722
0.0936419
0.0982729
0.10079
0.100851
0.0991734
0.0970557
0.0956453
0.0952987
0.0953621
0.0944971
0.0914133
0.0856682
0.0781379
0.0708954
0.0664947
0.0669345
0.0727399
0.082577
0.0936031
0.102445
0.106423
0.10453
0.0977553
0.0886242
0.0801553
0.0746704
0.0729602
0.0741451
0.0762649
0.077315
0.0762528
0.0735157
0.0708136
0.0702838
0.0733867
0.080045
0.0884345
0.095557
0.098387
0.095127
0.0860458
0.0735314
0.0613118
0.0531327
0.0514043
0.0563458
0.0659508
0.0767745
0.0852207
0.0888231
0.0870391
0.0812852
0.0742505
0.0688017
0.0669277
0.0691209
0.0743887
0.0808231
0.086441
0.089933
0.0910272
0.0903722
0.0890477
0.0879623
0.08742
0.0870352
0.0860103
0.0836216
0.0796785
0.0747414
0.069999
0.0668571
0.0664158
0.0690498
0.0742587
0.0808385
0.087291
0.0923047
0.0951209
0.0956636
0.0944127
0.0921065
0.0894166
0.0867345
0.0841449
0.0815737
0.079017
0.0767258
0.0752398
0.0752343
0.0772281
0.0812685
0.0867343
0.0923665
0.0965565
0.0978243
0.0953373
0.0892843
0.0809493
0.0724191
0.065983
0.0634004
0.0652786
0.0707896
0.0778591
0.0838018
0.0862155
0.083837
0.0770496
0.0678367
0.059165
0.053989
0.0542206
0.0600409
0.0698188
0.0806826
0.0895445
0.0941964
0.0940586
0.090292
0.0852299
0.0813608
0.080278
0.0820328
0.0851645
0.0874026
0.0867454
0.0824533
0.0755128
0.0683442
0.0638445
0.0641477
0.0696304
0.0786034
0.08786
0.0938917
0.0942894
0.088752
0.0792658
0.0693561
0.062694
0.0616229
0.0662121
0.0742386
0.082115
0.0863861
0.0851754
0.0789739
0.0704396
0.0632857
0.0607217
0.0641005
0.0723405
0.0823674
0.0903872
0.093456
0.0906857
0.0835802
0.0753672
0.0696145
0.0687196
0.0729091
0.0801662
0.0871063
0.090424
0.0882991
0.0811759
0.071602
0.0632106
0.0592855
0.0615031
0.0693548
0.0804496
0.0915226
0.099695
0.103453
0.10297
0.0996994
0.095501
0.0917245
0.0886913
0.0857803
0.0820344
0.0769565
0.0710715
0.0659506
0.0636457
0.0657732
0.072659
0.0829505
0.0939111
0.102313
0.105587
0.10277
0.0948578
0.0844343
0.0747144
0.0683983
0.0667778
0.0694271
0.0745561
0.0798409
0.0833645
0.0842909
0.0830296
0.0808801
0.0793545
0.0794916
0.0814437
0.084479
0.0873535
0.0888615
0.0883225
0.0858209
0.0821345
0.0784236
0.07583
0.0751364
0.0765854
0.0798685
0.0842395
0.0886879
0.0921284
0.0935979
0.0924638
0.0886266
0.0826628
0.0758226
0.0698116
0.0663549
0.0666432
0.0708514
0.0779352
0.085847
0.0921509
0.0948514
0.0931288
0.087679
0.0804897
0.0741097
0.0706828
0.0711348
0.0748577
0.0800311
0.0844551
0.0865343
0.0859806
0.0839111
0.0822838
0.0829142
0.0865208
0.0922518
0.0979492
0.101072
0.0998911
0.094422
0.0866292
0.0797591
0.077027
0.080196
0.0886711
0.0995403
0.108608
0.112035
0.107921
0.0971665
0.0832131
0.0707591
0.0639419
0.0647419
0.0722647
0.0831953
0.0932262
0.0988469
0.0987339
0.0941575
0.0882522
0.0844937
0.0850705
0.0898797
0.0965966
0.101785
0.10255
0.0979766
0.0896997
0.0813056
0.0768116
0.0788698
0.0874911
0.09987
0.111426
0.117642
0.115931
0.106727
0.0933372
0.0805968
0.0728968
0.0724206
0.0783316
0.08725
0.0947961
0.0975248
0.0944065
0.0872159
0.0796665
0.0756767
0.0775369
0.0847868
0.0943111
0.101628
0.102827
0.0963286
0.0836958
0.0691397
0.0579008
0.0541698
0.0594045
0.0717343
0.0866914
0.0989576
0.104408
0.101628
0.092301
0.0803773
0.0703813
0.0656025
0.0668959
0.0725485
0.0792055
0.083412
0.0830937
0.0783622
0.071344
0.0651587
0.0625221
0.0645855
0.0704921
0.077806
0.0835931
0.0856704
0.08349
0.0783057
0.0725826
0.0689309
0.069025
0.0729519
0.0792328
0.0854729
0.0893431
0.0894852
0.0859883
0.0802846
0.0745495
0.0708776
0.0705648
0.0737483
0.0794903
0.0862123
0.0922674
0.0964234
0.0981048
0.0973635
0.0946623
0.0906087
0.0857628
0.0805776
0.0754525
0.0708267
0.067232
0.0652574
0.0654273
0.068039
0.0730227
0.0798737
0.0876825
0.0952563
0.101311
0.104701
0.104661
0.101007
0.0942672
0.0856726
0.0769733
0.0700786
0.0665802
0.0672799
0.0718784
0.0789593
0.0863254
0.0916183
0.093046
0.0899732
0.0831581
0.0745309
0.0665718
0.0614955
0.0605325
0.0635635
0.0692353
0.0755036
0.0803866
0.0826389
0.0820959
0.079581
0.0764446
0.073953
0.0727895
0.0728705
0.0735293
0.073959
0.0736948
0.0729055
0.0723592
0.0730761
0.0758271
0.0807031
0.0869529
0.0931664
0.0977353
0.0994032
0.0976847
0.0929958
0.0864601
0.0794912
0.0733328
0.0687387
0.0658974
0.0645885
0.0644579
0.0652613
0.0669548
0.0696048
0.0731814
0.077363
0.0814735
0.0846104
0.0859264
0.0849522
0.0818218
0.0772977
0.0725751
0.0689317
0.0673504
0.0682413
0.0713507
0.075866
0.0806612
0.0845953
0.0867757
0.086736
0.0845131
0.0806329
0.0760205
0.0718391
0.0692629
0.0692013
0.0720243
0.0773718
0.0841357
0.0906725
0.0952287
0.0964719
0.0939537
0.0883251
0.081194
0.0746416
0.0705493
0.0699769
0.0728293
0.0779449
0.0835766
0.088076
0.090502
0.0909076
0.0901887
0.0895691
0.0899532
0.0914399
0.0932237
0.0939382
0.0923004
0.0877729
0.0809421
0.0734274
0.067336
0.0644777
0.0656646
0.0703886
0.0770173
0.0834233
0.0877864
0.0892346
0.0880679
0.0854952
0.083023
0.0817823
0.0820887
0.0834155
0.0847586
0.0851966
0.0843634
0.0826064
0.0807644
0.0796875
0.0797533
0.080636
0.0814604
0.0812807
0.0796527
0.0770033
0.0745838
0.0739826
0.0763879
0.0819291
0.0894157
0.0966335
0.101116
0.10109
0.0962012
0.0877012
0.0780121
0.0698301
0.0651476
0.0645965
0.0673758
0.0717678
0.0759884
0.0789732
0.0807432
0.082195
0.0844368
0.0880116
0.0924055
0.0961142
0.0972725
0.0945784
0.0880799
0.0794304
0.0714357
0.0670369
0.0681339
0.0747541
0.0849442
0.0954636
0.103017
0.10552
0.102877
0.0969358
0.0906429
0.0867667
0.086729
0.0900489
0.0946312
0.0977645
0.0973876
0.0930658
0.0862459
0.0796741
0.0762246
0.0776425
0.0837412
0.0924002
0.100368
0.104532
0.103137
0.0964518
0.0866402
0.0769123
0.0703317
0.0687632
0.0723552
0.0797053
0.0885609
0.0967082
0.102667
0.105947
0.106847
0.105995
0.103915
0.10085
0.0968949
0.0923087
0.0877667
0.0843412
0.0831529
0.0848315
0.0890583
0.0944622
0.0989969
0.100695
0.0984981
0.0927837
0.0853229
0.0786323
0.0749678
0.0753816
0.0792622
0.0845813
0.0887635
0.0898132
0.0872027
0.082117
0.0769298
0.0741236
0.0751303
0.0796157
0.0855485
0.0900529
0.0906863
0.086584
0.0789499
0.0706483
0.0650429
0.0645656
0.069633
0.0783896
0.0874115
0.093088
0.0931033
0.0873881
0.0781364
0.0688799
0.063016
0.0624193
0.066727
0.0735915
0.0797749
0.0825943
0.0810836
0.0763656
0.0710824
0.0681481
0.0693835
0.0746438
0.08183
0.0877861
0.0896917
0.0863445
0.0787712
0.0698956
0.0633958
0.0622293
0.0674385
0.0777254
0.0899539
0.100351
0.1059
0.105364
0.0995597
0.0908334
0.0820218
0.0753769
0.0718939
0.0712729
0.0724368
0.0742848
0.0762844
0.0786175
0.081842
0.0862839
0.0915155
0.0962341
0.098658
0.0972912
0.0917102
0.0829835
0.0734827
0.066107
0.0632155
0.0657059
0.0726367
0.0815686
0.0894989
0.0940085
0.0941516
0.0907252
0.0858219
0.0818684
0.0805696
0.0822036
0.0855565
0.0885045
0.0889762
0.0858735
0.0795595
0.071719
0.0646691
0.0604281
0.0599405
0.0627742
0.0673905
0.0718452
0.0746006
0.0751059
0.0739177
0.072346
0.0718099
0.0731996
0.0765138
0.0809029
0.0850652
0.0877927
0.0884242
0.0870228
0.0842402
0.0809723
0.0779893
0.0757146
0.0742287
0.073452
0.0733707
0.0741559
0.0760935
0.0793526
0.0837199
0.088458
0.0923994
0.094278
0.0931798
0.0889272
0.0822242
0.0744831
0.0673884
0.0623643
0.0601531
0.0606643
0.0631355
0.0665169
0.0699003
0.0728088
0.075237
0.0774537
0.0796893
0.0818796
0.0836039
0.0842591
0.0833887
0.0810073
0.0777501
0.0747507
0.0732668
0.0741932
0.0776571
0.0828698
0.0883157
0.0922232
0.0931573
0.090521
0.0847878
0.0773867
0.0702826
0.0653998
0.0640779
0.0667254
0.072759
0.0808184
0.0891644
0.0961279
0.100484
0.101665
0.0997909
0.0955411
0.089926
0.0840359
0.0788222
0.074957
0.0727834
0.0723492
0.0734932
0.0759416
0.0793769
0.0834526
0.0877589
0.0917728
0.0948424
0.0962542
0.0953968
0.0919888
0.0862886
0.0791859
0.0720953
0.0666382
0.0641854
0.0654056
0.0699886
0.0766707
0.083586
0.0888448
0.0911426
0.0901774
0.0867164
0.0822811
0.0785715
0.0768504
0.0775283
0.0801019
0.0834544
0.0863712
0.0880396
0.0883158
0.087654
0.086751
0.0860974
0.0856663
0.0849113
0.0830887
0.0797575
0.0752053
0.0705612
0.0674896
0.0675506
0.0714843
0.0787405
0.087498
0.0952171
0.0995407
0.099189
0.0944712
0.087183
0.0799066
0.0749898
0.0736256
0.0754244
0.0786704
0.0811595
0.0812598
0.0787293
0.0749142
0.0722153
0.0730264
0.0785913
0.0882801
0.0996252
0.109147
0.113659
0.111533
0.103399
0.0919868
0.0811372
0.0743893
0.0736851
0.0787101
0.0871157
0.0955147
0.100829
0.101441
0.0977018
0.0916189
0.0859092
0.0828324
0.0833087
0.086665
0.0910757
0.0944602
0.095417
0.0937821
0.0905873
0.0874719
0.0858472
0.0862122
0.0879392
0.0896219
0.0898164
0.0878246
0.0841477
0.080385
0.0786032
0.0804395
0.0863243
0.0951655
0.104642
0.111996
0.115017
0.112823
0.106138
0.096989
0.0879544
0.0812774
0.0781859
0.0786461
0.0815882
0.0854553
0.0888182
0.0908102
0.0912483
0.0904591
0.088951
0.0871146
0.085087
0.0828121
0.0802224
0.077418
0.0747339
0.0726581
0.0716507
0.0719604
0.0735361
0.0760671
0.0791169
0.0822655
0.0851778
0.0875709
0.089122
0.0894105
0.0879774
0.0845216
0.0791651
0.0726465
0.0663025
0.0617724
0.0604843
0.0631024
0.0691692
0.0771223
0.0847313
0.089821
0.0910141
0.0882023
0.082549
0.0760175
0.0706164
0.0676722
0.067429
0.069128
0.0715073
0.0734759
0.0746374
0.0754176
0.0767378
0.0793987
0.0834901
0.0881391
0.0917622
0.0927434
0.0902439
0.084759
0.0781207
0.0728842
0.0713157
0.074402
0.0813273
0.0896838
0.0963757
0.0988646
0.0962371
0.0896245
0.0817667
0.075876
0.0742705
0.0773611
0.0834457
0.0894249
0.0921552
0.0898682
0.0830331
0.0742661
0.0672882
0.0653502
0.0697865
0.0793284
0.090499
0.0989597
0.101268
0.0963222
0.08587
0.0738659
0.0649091
0.0624056
0.0672063
0.0772817
0.0885627
0.096596
0.0983224
0.0932471
0.0835322
0.0729989
0.0654871
0.0632775
0.066243
0.0720672
0.0774035
0.0794438
0.0771948
0.0718997
0.066423
0.063879
0.066119
0.0727647
0.0812368
0.0878006
0.0891956
0.0841538
0.0741352
0.0629295
0.0552465
0.0548466
0.0629716
0.0777259
0.0946785
0.108465
0.114761
0.111854
0.1012
0.0867625
0.0734292
0.0651459
0.0635169
0.067403
0.073636
0.07851
0.0794078
0.0758859
0.0697847
0.0643466
0.0627348
0.066587
0.075213
0.0857706
0.0943474
0.097506
0.0936653
0.0837645
0.0709469
0.0593996
0.0528103
0.0530488
0.0595724
0.0697605
0.080011
0.0871443
0.0895531
0.0876657
0.083575
0.0800264
0.0792042
0.0818187
0.086857
0.0920771
0.0950181
0.0940933
0.0893068
0.0822941
0.0756709
0.0719566
0.0725175
0.0769673
0.0832822
0.0885992
0.090389
0.0875367
0.0808906
0.07304
0.0673801
0.0668078
0.0725409
0.0835227
0.0966604
0.107832
0.113311
0.111087
0.101604
0.0876414
0.0733699
0.0629398
0.059097
0.0623253
0.0708043
0.0811694
0.0897698
0.0939486
0.0928817
0.0876956
0.0808666
0.0751718
0.0726166
0.073748
0.0775894
0.0821782
0.0854541
0.0861179
0.0841203
0.0806017
0.0773385
0.0759492
0.0771985
0.0806848
0.0850243
0.0884423
0.0895126
0.0877421
0.083767
0.0790956
0.0755165
0.0744182
0.076288
0.0805721
0.0859241
0.090719
0.0936137
0.093945
0.0918362
0.0880174
0.0834765
0.079104
0.0754747
0.0728231
0.0711735
0.0705208
0.0709498
0.0726274
0.0756774
0.0800125
0.08522
0.090573
0.0951763
0.0981945
0.0990739
0.0976764
0.0942893
0.0895282
0.0841904
0.0791197
0.0751159
0.07288
0.0729554
0.0756329
0.0808176
0.0879096
0.0957794
0.10291
0.107725
0.109025
0.106411
0.100507
0.0928801
0.0856345
0.0807872
0.0796338
0.0823257
0.0878187
0.0942189
0.099405
0.101708
0.100409
0.0958966
0.0894535
0.0827829
0.0774696
0.0745678
0.0744349
0.076813
0.0810634
0.0864166
0.0921298
0.0975219
0.101936
0.104724
0.105323
0.103437
0.0992327
0.0934508
0.0873154
0.0822346
0.0793747
0.0792758
0.0816763
0.0856373
0.0899301
0.0935227
0.0959472
0.0973776
0.0983746
0.0994203
0.100478
0.100823
0.0992691
0.0947462
0.0869711
0.0769001
0.0666899
0.0590979
0.0565025
0.059917
0.068426
0.0793287
0.0890048
0.0942088
0.0932977
0.086891
0.0776656
0.0693363
0.0652031
0.0668451
0.0734939
0.0823518
0.0897368
0.092589
0.0897197
0.0822854
0.0732885
0.0663149
0.0640385
0.0671203
0.0739655
0.0814349
0.0862033
0.0861841
0.0814115
0.0740073
0.0672519
0.0641633
0.0661945
0.0726085
0.0807937
0.0873801
0.0896731
0.086791
0.0800271
0.0722902
0.0668779
0.0661104
0.0704077
0.0781842
0.0865803
0.0926898
0.0947418
0.0927354
0.0882792
0.0837492
0.0811689
0.0813282
0.0835264
0.0860328
0.0870259
0.085555
0.0820685
0.0782541
0.0762597
0.0776521
0.082595
0.0896328
0.0961991
0.0996406
0.0983167
0.0922972
0.0833569
0.0742733
0.0677359
0.0653377
0.0670716
0.0715197
0.076614
0.080596
0.0827305
0.0834604
0.0839587
0.0853249
0.0878378
0.090651
0.0921049
0.0905314
0.0851804
0.0768199
0.067689
0.0607662
0.0586261
0.0623575
0.0710109
0.0818345
0.0912302
0.0960579
0.0947686
0.0879187
0.0778763
0.0678631
0.0607428
0.0580488
0.0596191
0.0639336
0.068944
0.0729972
0.0754433
0.0766927
0.0777554
0.0795336
0.0822375
0.0852166
0.0872822
0.0873519
0.085086
0.0811862
0.0771873
0.0748195
0.0752278
0.0784152
0.0831827
0.0876139
0.0898966
0.0891154
0.08565
0.0809887
0.0770345
0.0752133
0.0757958
0.0777554
0.0792435
0.0784834
0.0746822
0.0685369
0.0620797
0.0578961
0.0580316
0.0630554
0.0716983
0.0812458
0.0885501
0.0912549
0.0887301
