0.00174442
0.0119218
0.0220985
0.0322737
0.0424448
0.0526189
0.0627898
0.0729593
0.0831299
0.0932917
0.103462
0.113616
0.12379
0.133951
0.144124
0.154266
0.164437
0.174593
0.184761
0.194925
0.205074
0.215232
0.225393
0.235544
0.245701
0.255859
0.26601
0.276187
0.286307
0.296458
0.306598
0.316777
0.326924
0.337028
0.347222
0.357361
0.367527
0.377611
0.387792
0.397948
0.40806
0.418262
0.428352
0.438506
0.448615
0.458786
0.468929
0.479053
0.489299
0.49934
0.509469
0.519699
0.529764
0.539888
0.550063
0.560168
0.57038
0.580475
0.590575
0.60081
0.610912
0.621059
0.631188
0.641252
0.651341
0.661458
0.67159
0.681759
0.691961
0.702142
0.712108
0.722209
0.73242
0.74251
0.752674
0.762746
0.772927
0.783038
0.793104
0.803304
0.813375
0.823538
0.833574
0.843745
0.85375
0.86395
0.873987
0.884084
0.894361
0.90432
0.914461
0.92477
0.934615
0.944878
0.955055
0.96496
0.975176
0.985074
0.99551
1.00538
