0
0.000470561
0.0018081
0.00380312
0.0061473
0.00848719
0.0104857
0.0118802
0.0125278
0.0124286
0.0117235
0.0106673
0.00958064
0.00879059
0.00857036
0.00908888
0.0103802
0.0123387
0.0147408
0.0172908
0.0196814
0.0216589
0.0230789
0.0239432
0.0244077
0.0247593
0.0253638
0.0265933
0.0287458
0.0319732
0.0362307
0.0412624
0.0466276
0.0517678
0.0561063
0.0591647
0.0606759
0.0606724
0.05953
0.0579533
0.0568979
0.0574368
0.060586
0.0671175
0.0773895
0.0912271
0.107881
0.126079
0.144179
0.1604
0.173115
0.181149
0.184044
0.182239
0.177115
0.170903
0.166427
0.166724
0.17458
0.192057
0.220077
0.258147
0.304282
0.355176
0.4066
0.454008
0.493274
0.521441
0.537378
0.542217
0.539461
0.534726
0.535086
0.548101
0.580628
0.637601
0.720954
0.828911
0.955779
1.09238
1.22712
1.3476
1.44263
1.50435
1.53007
1.52361
1.49578
1.46379
1.44954
1.47689
1.56819
1.74055
2.00224
2.35007
2.76794
3.22739
3.68997
4.1116
4.44849
4.6639
4.73492
4.65824
4.45391
4.16614
3.86073
3.61893
3.52805
3.66987
4.10806
4.87637
5.9694
7.33757
8.88775
10.4901
11.9911
13.2319
14.0696
14.4
14.1773
13.429
12.2626
10.8618
9.47204
8.37567
7.85848
8.17161
9.49313
11.8946
15.3177
19.5655
24.3117
29.1274
33.5266
37.0233
39.1971
39.7571
38.5965
35.8295
31.8034
27.0804
22.3896
18.5516
16.3811
16.5801
19.6336
25.7216
34.6614
45.8911
58.5003
71.3108
82.9999
92.257
97.9548
99.3155
96.0495
88.445
77.3929
64.3358
51.1405
39.9025
32.7011
31.3315
37.0464
50.341
70.8145
97.1321
127.104
157.881
186.255
209.032
223.442
227.535
220.506
202.908
176.709
145.181
112.602
83.8126
63.6517
56.3472
64.9254
90.7196
133.051
189.133
254.237
322.121
385.677
437.759
472.081
484.078
471.64
435.582
379.797
311.03
238.27
171.813
122.083
98.3318
107.385
152.588
233.103
343.675
474.931
614.224
746.956
858.244
934.768
966.555
948.494
881.357
772.163
633.791
483.826
342.73
231.514
169.162
170.114
242.127
384.808
589.061
837.565
1106.33
1367.19
1591.01
1751.21
1827.3
1807.84
1692.53
1493.05
1232.44
943.12
663.451
433.46
289.966
261.806
365.699
603.342
960.168
1406.03
1897.89
2384.23
2810.93
3127.72
3294.72
3288.04
3103.83
2760.08
2295.85
1767.84
1244.51
798.463
497.683
396.88
529.864
904.039
1497.79
2261.33
3121.02
3986.96
4763.11
5358.67
5699.67
5739.15
5464.59
4901.63
4113.26
3194.34
2261.9
1442.07
855.1
600.195
742.064
1300.87
2247.11
3502.25
4945.54
6426.33
7780.88
8851.71
9507.37
9660.12
9279.23
8398.13
7113.95
5579.32
3986.74
2547.26
1465.6
914.671
1012.53
1804.81
3255.11
5244.8
7583.1
10026.4
12305.4
14156.6
15354.9
15743.5
15257
13933.9
11917.9
9446.11
6824.63
4394.99
2494.16
1412.99
1358.14
2422.35
4567.01
7620.04
11289.9
15195.3
18906.8
21997.3
24094.4
24928.6
24371.9
22460.5
19399
15543.6
11366.8
7404.97
4196.25
2214.75
1809.35
3154.8
6221.72
10770
16367.7
22434.5
28305.4
33307.5
36842.5
38462.8
37934.1
35274
30762.4
24919.8
18455.2
12188.8
6956.9
3510.91
2421.18
3999.02
8246.43
14841.3
23161.6
32347
41393.3
49267.8
55034.3
57971.8
57672.4
54105.5
47639
39012.5
29264.2
19617.9
11342.1
5597.45
3290.24
4950.63
10651
19976.9
32055.5
45641.9
59254.5
71344.6
80482.9
85538.5
85830.1
81228.4
72196.5
59759
45401.4
30909.7
18165.4
8920.69
4579.32
6011.03
13422.7
26304.8
43463.3
63135.9
83182.4
101330
115443
123790
125273
119582
107272
89727.4
69030.3
47733.8
28572.7
14137.1
6552.04
7199.85
16521.6
33925.3
57816.1
85749.6
114695
141379
162676
175994
179609
172912
156523
132272
103017
72342.5
44147.9
22190.5
9620.26
8574.8
19879.5
42896.3
75544.6
114498
155542
194047
225521
246158
253325
245929
224607
191715
151108
107729
67045
34410.5
14407.2
10261.5
23401.6
53217.1
97057.1
150477
207710
262321
307960
339140
351928
344489
317375
273555
218133
157815
100148
52635.9
21829.8
12496.1
26975.7
64813.4
122713
194835
273418
349646
414685
460755
482104
475784
442105
384708
310245
227676
147262
79367
33205
15683.9
30488.4
77522.2
152790
248748
355098
459940
551161
617894
651882
648561
607742
533780
435201
323804
213350
117953
50382.8
20478.5
33854.2
91081.3
187452
313375
455377
597607
723679
818636
870811
873347
825184
731374
602671
454410
304801
172815
75913.3
27885
37059.5
105124
226708
389809
577032
767529
939408
1.07235e+06
1.15014e+06
1.1627e+06
1.10758e+06
990429
824604
629776
429751
249719
113251
39393
40224.8
119183
270378
479022
722943
975043
1.20642e+06
1.38983e+06
1.50299e+06
1.53147e+06
1.47065e+06
1.3266e+06
1.11562e+06
862656
598457
356094
167004
57144.6
43693
132704
318050
581797
896027
1.22591e+06
1.53373e+06
1.78333e+06
1.94455e+06
1.99705e+06
1.93306e+06
1.75866e+06
1.49348e+06
1.16873e+06
823727
501405
243232
84144.2
48144.8
145081
369049
698654
1.09915e+06
1.52626e+06
1.93125e+06
2.2667e+06
2.49225e+06
2.5797e+06
2.51675e+06
2.30896e+06
1.97955e+06
1.56712e+06
1.12141e+06
697597
349804
124515
54752.1
155706
422409
829769
1.33504e+06
1.88251e+06
2.40984e+06
2.85544e+06
3.16593e+06
3.30277e+06
3.24739e+06
3.00393e+06
2.59938e+06
2.08096e+06
1.51095e+06
959592
496820
183814
65372.3
164054
476859
974896
1.60617e+06
2.30126e+06
2.98118e+06
3.56673e+06
3.98799e+06
4.19305e+06
4.15473e+06
3.87455e+06
3.38328e+06
2.73803e+06
2.01603e+06
1.30588e+06
697099
269405
82792.9
169793
530818
1.13327e+06
1.91463e+06
2.78917e+06
3.65776e+06
4.41943e+06
4.98355e+06
5.281e+06
5.27306e+06
4.95694e+06
4.36697e+06
3.57144e+06
2.66526e+06
1.75916e+06
966756
390907
111035
172941
582421
1.30355e+06
2.26196e+06
3.35282e+06
4.45274e+06
5.43413e+06
6.18056e+06
6.60103e+06
6.64163e+06
6.29293e+06
5.59227e+06
4.62043e+06
3.49297e+06
2.34712e+06
1.32586e+06
560727
155724
174069
629567
1.48372e+06
2.64906e+06
3.99854e+06
5.3798e+06
6.633e+06
7.60984e+06
8.19179e+06
8.30506e+06
7.93063e+06
7.10786e+06
5.93119e+06
4.54007e+06
3.10326e+06
1.79918e+06
794671
224535
174568
670001
1.67101e+06
3.07596e+06
4.73215e+06
6.45301e+06
8.0398e+06
9.30522e+06
1.00964e+07
1.03138e+07
9.92512e+06
8.97006e+06
7.55775e+06
5.85504e+06
4.06782e+06
2.41708e+06
1.11267e+06
327733
176972
701451
1.86192e+06
3.54168e+06
5.5588e+06
7.68655e+06
9.67967e+06
1.13035e+07
1.23624e+07
1.27246e+07
1.2339e+07
1.12436e+07
9.56295e+06
7.49494e+06
5.28886e+06
3.21642e+06
1.5396e+06
478799
185375
721805
2.05214e+06
4.04406e+06
6.48268e+06
9.09448e+06
1.1579e+07
1.36443e+07
1.50426e+07
1.56008e+07
1.52431e+07
1.40026e+07
1.20195e+07
9.52655e+06
6.82338e+06
4.24173e+06
2.10624e+06
695179
205928
729366
2.23656e+06
4.57961e+06
7.50675e+06
1.06904e+07
1.37651e+07
1.63703e+07
1.81943e+07
1.90127e+07
1.87172e+07
1.73314e+07
1.5011e+07
1.20276e+07
8.73863e+06
5.54637e+06
2.85033e+06
999145
247445
723174
2.40942e+06
5.14331e+06
8.63244e+06
1.24873e+07
1.62661e+07
1.95267e+07
2.18801e+07
2.3038e+07
2.28503e+07
2.13255e+07
1.86334e+07
1.50881e+07
1.11135e+07
7.1939e+06
3.81783e+06
1.4188e+06
322123
703421
2.56431e+06
5.72852e+06
9.85934e+06
1.44968e+07
1.91103e+07
2.31612e+07
2.61673e+07
2.77622e+07
2.77418e+07
2.60922e+07
2.29955e+07
1.88119e+07
1.40399e+07
9.25958e+06
5.06424e+06
1.98922e+06
446395
671973
2.69445e+06
6.32688e+06
1.11849e+07
1.6729e+07
2.23259e+07
2.73235e+07
3.11284e+07
3.32785e+07
3.35017e+07
3.17523e+07
2.82212e+07
2.33176e+07
1.76246e+07
1.1832e+07
6.65617e+06
2.75378e+06
641930
633007
2.79293e+06
6.92823e+06
1.26041e+07
1.91919e+07
2.59408e+07
3.20655e+07
3.68405e+07
3.96881e+07
4.02511e+07
3.84402e+07
3.44499e+07
2.87411e+07
2.19909e+07
1.5015e+07
8.67305e+06
3.76559e+06
936790
593786
2.85304e+06
7.52058e+06
1.41092e+07
2.18912e+07
2.99813e+07
3.744e+07
4.33854e+07
4.71006e+07
4.81231e+07
4.63052e+07
4.18384e+07
3.52365e+07
2.72804e+07
1.89293e+07
1.1209e+07
5.08925e+06
1.36677e+06
565581
2.86884e+06
8.09024e+06
1.56892e+07
2.48292e+07
3.44723e+07
4.35007e+07
5.0849e+07
5.56337e+07
5.72628e+07
5.55126e+07
5.0562e+07
4.29779e+07
3.36552e+07
2.37151e+07
1.43748e+07
6.80262e+06
1.97694e+06
564770
2.83567e+06
8.62184e+06
1.733e+07
2.80046e+07
3.94362e+07
5.03014e+07
5.93208e+07
6.54128e+07
6.78277e+07
6.62442e+07
6.08158e+07
5.21615e+07
4.12998e+07
2.95339e+07
1.83004e+07
8.99901e+06
2.82338e+06
614127
2.751e+06
9.09874e+06
1.90138e+07
3.14122e+07
4.48919e+07
5.78953e+07
6.88937e+07
7.65715e+07
7.99884e+07
7.86992e+07
7.28165e+07
6.30075e+07
5.04236e+07
3.65713e+07
2.31373e+07
1.17894e+07
3.97514e+06
744314
2.61532e+06
9.50325e+06
2.07191e+07
3.50417e+07
5.08548e+07
6.63341e+07
7.9663e+07
8.92508e+07
9.39282e+07
9.3095e+07
8.6803e+07
7.57613e+07
6.12628e+07
4.50392e+07
2.90611e+07
1.53051e+07
5.51649e+06
995610
2.43328e+06
9.81717e+06
2.24207e+07
3.88776e+07
5.7335e+07
7.56669e+07
9.17256e+07
1.03599e+08
1.09843e+08
1.09668e+08
1.03038e+08
9.06966e+07
7.40835e+07
5.51793e+07
3.62745e+07
1.97003e+07
7.5494e+06
1.41989e+06
2.21507e+06
1.00225e+07
2.40895e+07
4.28987e+07
6.4337e+07
8.59395e+07
1.05179e+08
1.19769e+08
1.27943e+08
1.28673e+08
1.21811e+08
1.08116e+08
8.91836e+07
6.72651e+07
4.50105e+07
2.51557e+07
1.01962e+07
2.08287e+06
1.97794e+06
1.01024e+07
2.5693e+07
4.70772e+07
7.18587e+07
9.71928e+07
1.20121e+08
1.37922e+08
1.48448e+08
1.50386e+08
1.43434e+08
1.28354e+08
1.06895e+08
8.16058e+07
5.55356e+07
3.18811e+07
1.3603e+07
3.06666e+06
1.74814e+06
1.00418e+07
2.71949e+07
5.13788e+07
7.98903e+07
1.09462e+08
1.36646e+08
1.58222e+08
1.71593e+08
1.75102e+08
1.68251e+08
1.51778e+08
1.27589e+08
9.8549e+07
6.81535e+07
4.01195e+07
1.79424e+07
4.47264e+06
1.56301e+06
9.82936e+06
2.85564e+07
5.57618e+07
8.84132e+07
1.22775e+08
1.54847e+08
1.80836e+08
1.97622e+08
2.03136e+08
1.96631e+08
1.78791e+08
1.51674e+08
1.18484e+08
8.32089e+07
5.0151e+07
2.34178e+07
6.42462e+06
1.47347e+06
9.45857e+06
2.97363e+07
6.01776e+07
