0.00172823
0.0118487
0.0220316
0.0322694
0.0425441
0.0528829
0.063268
0.0736932
0.0841624
0.094657
0.1052
0.115733
0.126356
0.137129
0.147729
0.15838
0.169189
0.179978
0.190785
0.20156
0.212288
0.223261
0.234106
0.244858
0.255888
0.266915
0.277876
0.288814
0.300015
0.31068
0.32175
0.332913
0.344127
0.354983
0.366212
0.377006
0.388511
0.399309
0.410728
0.42177
0.433032
0.444331
0.455116
0.466503
0.477732
0.488974
0.500525
0.511724
0.523577
0.534515
0.545771
0.557756
0.568362
0.57974
0.591381
0.602469
0.614016
0.625468
0.636694
0.648906
0.659811
0.67176
0.682937
0.693565
0.705542
0.716121
0.727735
0.7395
0.751678
0.763789
0.773715
0.785397
0.797751
0.808642
0.819936
0.83131
0.843335
0.855058
0.866215
0.877607
0.889669
0.901418
0.912176
0.924448
0.934362
0.946857
0.957648
0.969046
0.981799
0.99214
1.00537
1.01677
1.02775
1.03977
1.05213
1.06296
1.07472
1.08537
1.09833
1.10917
