0.00907748
0.00954804
0.0103884
0.0114623
0.0125969
0.013615
0.0143702
0.0147763
0.0148268
0.0146
0.0142481
0.0139729
0.0139905
0.0144932
0.0156127
0.0173953
0.0197898
0.0226545
0.0257806
0.0289291
0.0318757
0.0344537
0.0365901
0.0383239
0.0398059
0.0412758
0.0430218
0.0453276
0.0484163
0.052402
0.0572585
0.0628122
0.0687637
0.074736
0.0803436
0.0852711
0.089349
0.0926112
0.0953223
0.0979671
0.101198
0.105745
0.112304
0.121416
0.133351
0.148039
0.16504
0.183578
0.202636
0.221109
0.237983
0.252527
0.26446
0.274062
0.282209
0.290309
0.300152
0.313665
0.332637
0.358421
0.39168
0.432223
0.478961
0.530007
0.582931
0.635128
0.684267
0.728747
0.768094
0.803214
0.83645
0.87141
0.912552
0.964583
1.03172
1.11696
1.22141
1.34385
1.4807
1.62622
1.77328
1.91431
2.04264
2.15374
2.24643
2.32371
2.39301
2.46583
2.55667
2.68127
2.85448
3.08781
3.38723
3.75139
4.17077
4.62786
5.09861
5.55515
5.96944
6.31751
6.5838
6.76488
6.87199
6.93178
6.98497
7.08277
7.28126
7.63427
8.18557
8.96137
9.96423
11.1695
12.5251
13.9551
15.367
16.6627
17.7513
18.5631
19.0618
19.2549
19.198
18.9945
18.7877
18.7471
19.0489
19.8536
21.2825
23.3969
26.1828
29.5436
33.3032
37.2205
41.0133
44.392
47.097
48.9374
49.8243
49.7955
49.0252
47.8173
46.5809
45.7893
45.9249
47.4184
50.5872
55.5814
62.3473
70.6122
79.8973
89.558
98.851
107.021
113.396
117.488
119.073
118.246
115.447
111.437
107.236
104.014
102.961
105.135
111.315
121.874
136.689
155.118
176.026
197.884
218.934
237.386
251.648
260.551
263.534
260.776
253.241
242.633
231.241
221.709
216.731
218.713
229.447
249.829
279.67
317.621
361.251
407.259
451.816
491.011
521.336
540.165
546.165
539.571
522.296
497.823
470.908
447.079
432.012
430.83
447.414
483.816
539.861
612.99
698.393
789.438
878.366
957.172
1018.6
1057.1
1069.69
1056.48
1020.95
969.747
912.101
858.87
821.312
809.705
831.995
892.637
991.776
1124.92
1283.18
1454.01
1622.59
1773.45
1892.38
1968.29
1994.84
1971.54
1904.26
1804.92
1690.48
1581.13
1498.06
1460.87
1485.03
1579.67
1746.06
1976.86
2256.49
2562.51
2867.95
3144.35
3365.23
3509.46
3564.29
3527.5
3408.31
3227.06
3013.39
2803.17
2634.48
2543.05
2557.65
2696.15
2962.55
3345.68
3819.6
4345.86
4877.56
5364.54
5759.46
6023.8
6133.2
6081.32
5881.78
5567.66
5188.66
4805.92
4485.21
4289.08
4268.97
4458.19
4866.75
5478.73
6252.78
7125.66
8018.83
8847.21
9529.34
9997.6
10207.4
10144
9826.09
9305.27
8661.79
7996.17
7418.04
7033.14
6930.1
7168.59
7770.38
8714.55
9937.72
11339.5
12792.8
14158.2
15300
16103.6
16490.5
16430
15945.5
15114.8
14063
12950.2
11953.3
11245.6
10974.8
11244.1
12096.8
13508
15384.2
17570.9
19868.9
22056
23913.5
25252.7
25940.2
25916.9
25208.9
23928.7
22266
20468.3
18813.4
17576.7
16998
17249.6
18412.2
20460.7
23261.6
26584.4
30124.9
33539.1
36483.1
38655.6
39836.4
39918.1
38923.8
37011.4
34460.2
31642.9
28984.4
26912
25803.9
25940
27463.5
30356.7
34435.7
39365.5
44693.4
49899.2
54456
57893.7
59859.8
60167.4
58826
56049.3
52238.3
47940.9
43792
40439.3
38465
38312.3
40224.2
44205.6
50011.7
57167.2
65013.9
72783
79684.3
85001.8
88184.3
88919.8
87184.4
83257.6
77701.4
71304.1
64993.8
59731.5
56394.8
55668
57949.9
63293.2
71383.6
81562.4
92892.4
104261
114506
122561
127582
129066
126924
121506
113584
104269
94890.2
86846.8
81435.2
79689.4
82244.2
89241.2
100292
114504
130568
146903
161836
173804
181544
184268
181766
174467
163401
150107
136457
124448
115962
112531
115138
124077
138889
158389
180785
203867
225266
242732
254415
259102
256395
246782
231619
212994
193501
175946
163013
156929
159185
170317
189816
216141
246876
278988
309173
334247
351541
359240
356637
344260
323852
298201
270846
245668
226433
216331
217568
231063
256289
291287
332854
376886
418844
454293
479442
491626
489674
474096
447089
412322
374546
339054
311056
295048
294237
310111
342198
388057
443506
503070
560603
610010
645987
664694
664268
645119
609954
563527
512131
462886
422907
398436
394057
412089
452227
511492
584507
664067
741955
809904
860598
888592
891028
868074
822994
761857
692892
625559
569446
533106
522991
542603
591976
667560
762536
867545
971733
1.06403e+06
1.13446e+06
1.17544e+06
1.18269e+06
1.15593e+06
1.09901e+06
1.01956e+06
928208
837381
759843
707169
688309
708419
768123
863293
985410
1.12246e+06
1.26027e+06
1.38417e+06
1.48078e+06
1.53959e+06
1.55442e+06
1.52422e+06
1.4534e+06
1.35144e+06
1.23191e+06
1.11093e+06
1.0053e+06
930520
898832
917665
988586
1.10694e+06
1.26223e+06
1.43919e+06
1.61955e+06
1.78408e+06
1.91496e+06
1.99793e+06
2.02416e+06
1.99142e+06
1.90461e+06
1.77533e+06
1.62071e+06
1.46143e+06
1.31942e+06
1.21516e+06
1.16521e+06
1.18007e+06
1.26273e+06
1.40814e+06
1.60351e+06
1.82973e+06
2.06341e+06
2.27964e+06
2.45496e+06
2.57021e+06
2.61299e+06
2.57936e+06
2.47453e+06
2.3125e+06
2.11462e+06
1.90725e+06
1.71862e+06
1.57559e+06
1.50025e+06
1.50722e+06
1.60159e+06
1.77809e+06
2.02142e+06
2.30782e+06
2.60772e+06
2.88914e+06
3.12149e+06
3.27933e+06
3.34554e+06
3.31368e+06
3.189e+06
2.98817e+06
2.73756e+06
2.47034e+06
2.22262e+06
2.02919e+06
1.9193e+06
1.91292e+06
2.01814e+06
2.22982e+06
2.5299e+06
2.88919e+06
3.27061e+06
3.6335e+06
3.93837e+06
4.15175e+06
4.25037e+06
4.22428e+06
4.07834e+06
3.83212e+06
3.51785e+06
3.17687e+06
2.85495e+06
2.59678e+06
2.44063e+06
2.41349e+06
2.52756e+06
2.77838e+06
3.14492e+06
3.59168e+06
4.07265e+06
4.5365e+06
4.93275e+06
5.21781e+06
5.36043e+06
5.34585e+06
5.17795e+06
4.87929e+06
4.48887e+06
4.05782e+06
3.64358e+06
3.3031e+06
3.08597e+06
3.02821e+06
3.14762e+06
3.44114e+06
3.88469e+06
4.43556e+06
5.03707e+06
5.62508e+06
6.13552e+06
6.51216e+06
6.71356e+06
6.71847e+06
6.52889e+06
6.17043e+06
5.68979e+06
5.14966e+06
4.62158e+06
4.17747e+06
3.88103e+06
3.7798e+06
3.89904e+06
4.23811e+06
4.76996e+06
5.44366e+06
6.19005e+06
6.92955e+06
7.58156e+06
8.07414e+06
8.35293e+06
8.38809e+06
8.17856e+06
7.75284e+06
7.16631e+06
6.4952e+06
5.82786e+06
5.25447e+06
4.85614e+06
4.69493e+06
4.80592e+06
5.19231e+06
5.82426e+06
6.64172e+06
7.56092e+06
8.48392e+06
9.3101e+06
9.94821e+06
1.03276e+07
1.04073e+07
1.01814e+07
9.68118e+06
8.97152e+06
8.14436e+06
7.30804e+06
6.57473e+06
6.04691e+06
5.80483e+06
5.89629e+06
6.33015e+06
7.0743e+06
8.05859e+06
9.18243e+06
1.03262e+07
1.13651e+07
1.21844e+07
1.2693e+07
1.28357e+07
1.25998e+07
1.20183e+07
1.11668e+07
1.01551e+07
9.11532e+06
8.18579e+06
7.49507e+06
7.14596e+06
7.20262e+06
7.6819e+06
8.55024e+06
9.72659e+06
1.10911e+07
1.24985e+07
1.37955e+07
1.48386e+07
1.55117e+07
1.57409e+07
1.55045e+07
1.48361e+07
1.38227e+07
1.25946e+07
1.13115e+07
1.01431e+07
9.2493e+06
8.76082e+06
8.7625e+06
9.28222e+06
1.02862e+07
1.16818e+07
1.33273e+07
1.50478e+07
1.66558e+07
1.79733e+07
1.88535e+07
1.91993e+07
1.89759e+07
1.82166e+07
1.70201e+07
1.55402e+07
1.39681e+07
1.25109e+07
1.13662e+07
1.06987e+07
1.06194e+07
1.11707e+07
1.23207e+07
1.39646e+07
1.5936e+07
1.80258e+07
2.00061e+07
2.16578e+07
2.27965e+07
2.32961e+07
2.31047e+07
2.22529e+07
2.08515e+07
1.90804e+07
1.71677e+07
1.53638e+07
1.39116e+07
1.30169e+07
1.28232e+07
1.33927e+07
1.46972e+07
1.66197e+07
1.89666e+07
2.14892e+07
2.39127e+07
2.59687e+07
2.74275e+07
2.81269e+07
2.79928e+07
2.705e+07
2.54219e+07
2.33166e+07
2.10048e+07
1.87875e+07
1.69612e+07
1.57815e+07
1.54318e+07
1.59998e+07
1.74645e+07
1.96971e+07
2.24737e+07
2.55007e+07
2.84485e+07
3.09905e+07
3.28427e+07
3.37982e+07
3.37543e+07
3.27266e+07
3.085e+07
2.83643e+07
2.55878e+07
2.28808e+07
2.06026e+07
1.90686e+07
1.85114e+07
1.90509e+07
2.06778e+07
2.32522e+07
2.65173e+07
3.01286e+07
3.36931e+07
3.6816e+07
3.91479e+07
4.04278e+07
4.05165e+07
3.94156e+07
3.72702e+07
3.43543e+07
3.10404e+07
2.77566e+07
2.49362e+07
2.29659e+07
2.21379e+07
2.2613e+07
2.43991e+07
2.73465e+07
3.11633e+07
3.54476e+07
3.97336e+07
4.35466e+07
4.64596e+07
4.81461e+07
4.84209e+07
4.72655e+07
4.48332e+07
4.14346e+07
3.75028e+07
3.35439e+07
3.00773e+07
2.7574e+07
2.63984e+07
2.67626e+07
2.86981e+07
3.20484e+07
3.64841e+07
4.15392e+07
4.66647e+07
5.1293e+07
5.49056e+07
5.70968e+07
5.76243e+07
5.64418e+07
5.37081e+07
4.9772e+07
4.51342e+07
4.03894e+07
3.61573e+07
3.30079e+07
3.13923e+07
3.15862e+07
3.36534e+07
3.74337e+07
4.25588e+07
4.84918e+07
5.4589e+07
6.01754e+07
6.4625e+07
6.74372e+07
6.82995e+07
6.71283e+07
6.40836e+07
5.95538e+07
5.4114e+07
4.84598e+07
4.3326e+07
3.9399e+07
3.72333e+07
3.71826e+07
3.93531e+07
4.35867e+07
4.94745e+07
5.64017e+07
6.3618e+07
7.03244e+07
7.57695e+07
7.93399e+07
8.0637e+07
7.95285e+07
7.61697e+07
7.09895e+07
6.46444e+07
5.79433e+07
5.17535e+07
4.68968e+07
4.40506e+07
4.36633e+07
4.58967e+07
5.06006e+07
5.7326e+07
6.53732e+07
7.38716e+07
8.18809e+07
8.85035e+07
9.29926e+07
9.48452e+07
9.38666e+07
9.01995e+07
8.4313e+07
7.6952e+07
6.90524e+07
6.16324e+07
5.56713e+07
5.19911e+07
5.11552e+07
5.33955e+07
5.85791e+07
6.62175e+07
7.55192e+07
8.54794e+07
9.49969e+07
1.03005e+08
1.086e+08
1.11152e+08
1.10389e+08
1.06431e+08
9.97847e+07
9.12905e+07
8.20258e+07
7.31804e+07
6.59151e+07
6.12219e+07
5.98017e+07
6.19752e+07
6.76373e+07
7.62629e+07
8.69619e+07
9.85808e+07
1.09836e+08
1.19465e+08
1.26382e+08
1.29807e+08
1.29367e+08
1.25148e+08
1.17693e+08
1.07943e+08
9.71314e+07
8.66428e+07
7.7846e+07
7.19316e+07
6.97649e+07
7.17764e+07
7.7903e+07
8.75867e+07
9.98336e+07
1.13325e+08
1.26573e+08
1.38092e+08
1.4658e+08
1.51079e+08
1.51095e+08
1.46664e+08
1.38357e+08
1.27223e+08
1.14669e+08
1.02295e+08
9.17098e+07
8.4334e+07
8.12279e+07
8.29575e+07
8.9518e+07
1.00326e+08
1.14277e+08
1.29874e+08
1.45396e+08
1.59104e+08
1.6945e+08
1.75262e+08
1.75896e+08
1.71321e+08
1.62129e+08
1.49482e+08
1.34972e+08
1.20446e+08
1.07783e+08
9.867e+07
9.43974e+07
9.56959e+07
1.0264e+08
1.14629e+08
1.30446e+08
1.48398e+08
1.66506e+08
1.82741e+08
1.95269e+08
2.02671e+08
2.0412e+08
1.99493e+08
1.89397e+08
1.75103e+08
1.58412e+08
1.41441e+08
1.26376e+08
1.15211e+08
1.09506e+08
1.10191e+08
1.17445e+08
1.30661e+08
1.48509e+08
