965.875
776.547
696.574
649.689
617.967
594.727
576.864
562.727
551.338
542.064
534.462
528.205
523.043
518.779
515.253
512.338
509.928
507.937
506.294
504.938
503.82
502.899
502.142
501.518
501.006
500.586
500.241
499.958
499.726
499.535
499.38
499.252
499.148
499.062
498.992
498.935
498.888
498.85
498.819
498.793
498.772
498.755
498.742
498.73
498.721
498.713
498.707
498.702
498.698
498.695
498.692
498.69
498.688
498.687
498.686
498.685
498.684
498.683
498.683
498.682
498.682
498.682
498.682
498.682
498.681
498.681
498.681
498.681
498.681
498.681
498.681
498.681
498.681
498.681
498.681
498.681
498.681
498.681
498.681
498.681
498.681
498.681
498.681
498.681
498.681
498.681
498.681
498.681
498.681
498.681
498.681
498.681
498.681
498.681
498.681
498.681
498.681
498.681
498.681
498.681
498.681
498.681
498.681
498.681
498.681
498.681
498.681
498.681
498.681
498.681
498.681
498.681
498.681
498.681
498.681
498.681
498.681
498.681
498.681
498.681
498.681
498.681
498.681
498.681
498.681
498.681
498.681
498.681
498.681
498.681
498.681
498.681
498.681
498.681
498.681
498.681
498.681
498.681
498.681
498.681
498.681
498.681
498.681
498.681
498.681
498.681
498.681
498.681
498.681
498.681
498.681
498.681
498.681
498.681
498.681
498.681
498.681
498.681
498.681
498.681
498.681
498.681
498.681
498.681
498.681
498.681
498.681
498.681
498.681
498.681
498.681
498.681
498.681
498.681
498.681
498.681
498.681
498.681
498.681
498.681
498.681
498.681
498.681
498.681
498.681
498.681
498.681
498.681
498.681
498.681
498.681
498.681
498.681
498.681
498.681
498.681
498.681
498.681
498.681
498.681
498.681
498.681
498.681
498.681
498.681
498.681
498.681
498.681
498.681
498.681
498.681
498.681
498.681
498.681
498.681
498.681
498.681
498.681
498.681
498.681
498.681
498.681
498.681
498.681
498.681
498.681
498.681
498.681
498.681
498.681
498.681
498.681
498.681
498.681
498.681
498.681
498.681
498.681
498.681
498.681
498.681
498.681
498.681
498.681
498.681
498.681
498.681
498.681
498.681
498.681
498.681
498.681
498.681
498.681
498.681
498.681
498.681
498.681
498.681
498.681
498.681
498.681
498.681
498.681
498.681
498.681
498.681
498.681
498.681
498.681
498.681
498.681
498.681
498.681
498.681
498.681
498.681
498.681
498.681
498.681
498.681
498.681
498.681
498.681
498.681
498.681
498.681
498.681
498.681
498.681
498.681
498.681
498.681
498.681
498.681
498.681
498.681
498.681
498.681
498.681
498.681
498.681
498.681
498.681
498.681
498.681
498.681
498.681
498.681
498.681
498.681
498.681
498.681
498.681
498.681
498.681
498.681
498.681
498.681
498.681
498.681
498.681
498.681
498.681
498.681
498.681
498.681
498.681
498.681
498.681
498.681
498.681
498.681
498.681
498.681
498.681
498.681
498.681
498.681
498.681
498.681
498.681
498.681
498.681
498.681
498.681
498.681
498.681
498.681
498.681
498.681
498.681
498.681
498.681
498.681
498.681
498.681
498.681
498.681
498.681
498.681
498.681
498.681
498.681
498.681
498.681
498.681
498.681
498.681
498.681
498.681
498.681
498.681
498.681
498.681
498.681
498.681
498.681
498.681
498.681
498.681
498.681
498.681
498.681
498.681
498.681
498.681
498.681
498.681
498.681
498.681
498.681
498.681
498.681
498.681
498.681
498.681
498.681
498.681
498.681
498.681
498.681
498.681
498.681
498.681
498.681
498.681
498.681
498.681
498.681
498.681
498.681
498.681
498.681
498.681
498.681
498.681
498.681
498.681
498.681
498.681
498.681
498.681
498.681
498.681
498.681
498.681
498.681
498.681
498.681
498.681
498.681
498.681
498.681
498.681
498.681
498.681
498.681
498.681
498.681
498.681
498.681
498.681
498.681
498.681
498.681
498.681
498.681
498.681
498.681
498.681
498.681
498.681
498.681
498.681
498.681
498.681
498.681
498.681
498.681
498.681
498.681
498.681
498.681
498.681
498.681
498.681
498.681
498.681
498.681
498.681
498.681
498.681
498.681
498.681
498.681
498.681
498.681
498.681
498.681
498.681
498.681
498.681
498.681
498.681
498.681
498.681
498.681
498.681
498.681
498.681
498.681
498.681
498.681
498.681
498.681
498.681
498.681
498.681
498.681
498.681
498.681
498.681
498.681
498.681
498.681
498.681
498.681
498.681
498.681
498.681
498.681
498.681
498.681
498.681
498.681
498.681
498.681
498.681
498.681
498.681
498.681
498.681
498.681
498.681
498.681
498.681
498.681
498.681
498.681
498.681
498.681
498.681
498.681
498.681
498.681
498.681
498.681
498.681
498.681
498.681
498.681
498.681
498.681
498.681
498.681
498.681
498.681
498.681
498.681
498.681
498.681
498.681
498.681
498.681
498.681
498.681
498.681
498.681
498.681
498.681
498.681
498.681
498.681
498.681
498.681
498.681
498.681
498.681
498.681
498.681
498.681
498.681
498.681
498.681
498.681
498.681
498.681
498.681
498.681
498.681
498.681
498.681
498.681
498.681
498.681
498.681
498.681
498.681
498.681
498.681
498.681
498.681
498.681
498.681
498.681
498.681
498.681
498.681
498.681
498.681
498.681
498.681
498.681
498.681
498.681
498.681
498.681
498.681
498.681
498.681
498.681
498.681
498.681
498.681
498.681
498.681
498.681
498.681
498.681
498.681
498.681
498.681
498.681
498.681
498.681
498.681
498.681
498.681
498.681
498.681
498.681
498.681
498.681
498.681
498.681
498.681
498.681
498.681
498.681
498.681
498.681
498.681
498.681
498.681
498.681
498.681
498.681
498.681
498.681
498.681
498.681
498.681
498.681
498.681
498.681
498.681
498.681
498.681
498.681
498.681
498.681
498.681
498.681
498.681
498.681
498.681
498.681
498.681
498.681
498.681
498.681
498.681
498.681
498.681
498.681
498.681
498.681
498.681
498.681
498.681
498.681
498.681
498.681
498.681
498.681
498.681
498.681
498.681
498.681
498.681
498.681
498.681
498.681
498.681
498.681
498.681
498.681
498.681
498.681
498.681
498.681
498.681
498.681
498.681
498.681
498.681
498.681
498.681
498.681
498.681
498.681
498.681
498.681
498.681
498.681
498.681
498.681
498.681
498.681
498.681
498.681
498.681
498.681
498.681
498.681
498.681
498.681
498.681
498.681
498.681
498.681
498.681
498.681
498.681
498.681
498.681
498.681
498.681
498.681
498.681
498.681
498.681
498.681
498.681
498.681
498.681
498.681
498.681
498.681
498.681
498.681
498.681
498.681
498.681
498.681
498.681
498.681
498.681
498.681
498.681
498.681
498.681
498.681
498.681
498.681
498.681
498.681
498.681
498.681
498.681
498.681
498.681
498.681
498.681
498.681
498.681
498.681
498.681
498.681
498.681
498.681
498.681
498.681
498.681
498.681
498.681
498.681
498.681
498.681
498.681
498.681
498.681
498.681
498.681
498.681
498.681
498.681
498.681
498.681
498.681
498.681
498.681
498.681
498.681
498.681
498.681
498.681
498.681
498.681
498.681
498.681
498.681
498.681
498.681
498.681
498.681
498.681
498.681
498.681
498.681
498.681
498.681
498.681
498.681
498.681
498.681
498.681
498.681
498.681
498.681
498.681
498.681
498.681
498.681
498.681
498.681
498.681
498.681
498.681
498.681
498.681
498.681
498.681
498.681
498.681
498.681
498.681
498.681
498.681
498.681
498.681
498.681
498.681
498.681
498.681
498.681
498.681
498.681
498.681
498.681
498.681
498.681
498.681
498.681
498.681
498.681
498.681
498.681
498.681
498.681
498.681
498.681
498.681
498.681
498.681
498.681
498.681
498.681
498.681
498.681
498.681
498.681
498.681
498.681
498.681
498.681
498.681
498.681
498.681
498.681
498.681
498.681
498.681
498.681
498.681
498.681
498.681
498.681
498.681
498.681
498.681
498.681
498.681
498.681
498.681
498.681
498.681
498.681
498.681
498.681
498.681
498.681
498.681
498.681
498.681
498.681
498.681
498.681
498.681
498.681
498.681
498.681
498.681
498.681
498.681
498.681
498.681
498.681
498.681
498.681
498.681
498.681
498.681
498.681
498.681
498.681
498.681
498.681
498.681
498.681
498.681
498.681
498.681
498.681
498.681
498.681
498.681
498.681
498.681
498.681
498.681
498.681
498.681
498.681
498.681
498.681
498.681
498.681
498.681
498.681
498.681
498.681
498.681
498.681
498.681
498.681
498.681
498.681
498.681
498.681
498.681
498.681
498.681
498.681
498.681
498.681
498.681
498.681
498.681
498.681
498.681
498.681
498.681
498.681
498.681
498.681
498.681
498.681
498.681
498.681
498.681
498.681
498.681
498.681
498.681
498.681
498.681
498.681
498.681
