243.116
223.091
213.677
208.003
204.109
201.22
198.967
197.143
195.628
194.343
193.235
192.267
191.412
190.651
189.967
189.349
188.787
188.275
187.805
187.372
186.973
186.603
186.259
185.94
185.642
185.364
185.105
184.861
184.633
184.419
184.218
184.029
183.852
183.684
183.527
183.379
183.239
183.108
182.984
182.867
182.758
182.654
182.557
182.465
182.379
182.299
182.223
182.151
182.085
182.022
181.964
181.909
181.858
181.811
181.767
181.726
181.689
181.654
181.622
181.593
181.567
181.543
181.521
181.502
181.484
181.469
181.456
181.445
181.436
181.428
181.423
181.419
181.416
181.415
181.415
181.417
181.42
181.425
181.431
181.437
181.445
181.454
181.465
181.476
181.488
181.501
181.515
181.529
181.545
181.561
181.578
181.596
181.614
181.633
181.653
181.673
181.694
181.716
181.738
181.76
181.783
181.806
181.83
181.854
181.879
181.903
181.929
181.954
181.98
182.006
182.033
182.059
182.086
182.113
182.141
182.168
182.196
182.224
182.252
182.28
182.308
182.337
182.365
182.394
182.423
182.452
182.481
182.51
182.539
182.568
182.597
182.626
182.655
182.684
182.714
182.743
182.772
182.801
182.83
182.859
182.888
182.917
182.946
182.975
183.004
183.033
183.062
183.09
183.119
183.148
183.176
183.204
183.233
183.261
183.289
183.317
183.345
183.373
183.4
183.428
183.455
183.483
183.51
183.537
183.564
183.591
183.618
183.644
183.671
183.697
183.723
183.749
183.775
183.801
183.827
183.852
183.878
183.903
183.928
183.953
183.978
184.002
184.027
184.051
184.075
184.099
184.123
184.147
184.171
184.194
184.217
184.241
184.264
184.286
184.309
184.332
184.354
184.376
184.398
184.42
184.442
184.464
184.485
184.507
184.528
184.549
184.57
184.59
184.611
184.631
184.652
184.672
184.692
184.712
184.731
184.751
184.77
184.789
184.809
184.827
184.846
184.865
184.883
184.902
184.92
184.938
184.956
184.974
184.992
185.009
185.026
185.044
185.061
185.078
185.095
185.111
185.128
185.144
185.161
185.177
185.193
185.209
185.224
185.24
185.256
185.271
185.286
185.301
185.316
185.331
185.346
185.361
185.375
185.389
185.404
185.418
185.432
185.446
185.459
185.473
185.487
185.5
185.513
185.527
185.54
185.553
185.566
185.578
185.591
185.603
185.616
185.628
185.64
185.653
185.665
185.676
185.688
185.7
185.711
185.723
185.734
185.746
185.757
185.768
185.779
185.79
185.801
185.811
185.822
185.832
185.843
185.853
185.863
185.874
185.884
185.894
185.903
185.913
185.923
185.932
185.942
185.951
185.961
185.97
185.979
185.988
185.997
186.006
186.015
186.024
186.033
186.041
186.05
186.058
186.067
186.075
186.083
186.092
186.1
186.108
186.116
186.123
186.131
186.139
186.147
186.154
186.162
186.169
186.177
186.184
186.191
186.198
186.206
186.213
186.22
186.227
186.234
186.24
186.247
186.254
186.26
186.267
186.273
186.28
186.286
186.293
186.299
186.305
186.311
186.317
186.324
186.33
186.335
186.341
186.347
186.353
186.359
186.364
186.37
186.376
186.381
186.387
186.392
186.397
186.403
186.408
186.413
186.418
186.424
186.429
186.434
186.439
186.444
186.449
186.454
186.458
186.463
186.468
186.473
186.477
186.482
186.486
186.491
186.495
186.5
186.504
186.509
186.513
186.517
186.522
186.526
186.53
186.534
186.538
186.542
186.546
186.55
186.554
186.558
186.562
186.566
186.57
186.574
186.577
186.581
186.585
186.588
186.592
186.596
186.599
186.603
186.606
186.61
186.613
186.616
186.62
186.623
186.626
186.63
186.633
186.636
186.639
186.643
186.646
186.649
186.652
186.655
186.658
186.661
186.664
186.667
186.67
186.673
186.676
186.679
186.681
186.684
186.687
186.69
186.692
186.695
186.698
186.701
186.703
186.706
186.708
186.711
186.713
186.716
186.719
186.721
186.723
186.726
186.728
186.731
186.733
186.735
186.738
186.74
186.742
186.745
186.747
186.749
186.751
186.754
186.756
186.758
186.76
186.762
186.764
186.766
186.769
186.771
186.773
186.775
186.777
186.779
186.781
186.783
186.785
186.787
186.788
186.79
186.792
186.794
186.796
186.798
186.8
186.801
186.803
186.805
186.807
186.808
186.81
186.812
186.814
186.815
186.817
186.819
186.82
