0.17271
0.159512
0.124941
0.0819381
0.0458903
0.0282639
0.0321936
0.0519677
0.0764338
0.0944874
0.0999572
0.093715
0.0822937
0.073965
0.0743582
0.0838068
0.0976162
0.108882
0.112213
0.106387
0.0946821
0.0828863
0.0761607
0.0764565
0.0818086
0.0877787
0.0901405
0.0872689
0.0809381
0.0751615
0.0737899
0.0782295
0.0865436
0.0944376
0.0975966
0.0941012
0.0855939
0.0765289
0.0718832
0.0745466
0.0837801
0.0955485
0.104533
0.106775
0.101602
0.0918622
0.0823694
0.0773773
0.0784164
0.0836303
0.0889268
0.0902854
0.0859848
0.0775934
0.0692274
0.0654676
0.0690144
0.079286
0.0926567
0.104169
0.10981
0.108217
0.101036
0.091844
0.0842794
0.0803583
0.0798316
0.0808128
0.0812064
0.0800663
0.0781263
0.077258
0.0792155
0.0844018
0.0913742
0.0973939
0.0997475
0.0971367
0.0903978
0.0821747
0.0757238
0.0734574
0.0759405
0.0817972
0.0885068
0.0936252
0.0957965
0.0950961
0.0926444
0.0898147
0.0875196
0.0859418
0.0847725
0.0837044
0.0827906
0.0824115
0.0828899
0.0840666
0.0851943
0.085302
0.083867
0.081385
0.0794195
0.0799554
0.0842868
0.0920103
0.100744
0.106877
0.107112
0.100128
0.087514
0.073435
0.063046
0.0603183
0.0662827
0.0785427
0.092306
0.102457
0.105709
0.101858
0.0935981
0.0850343
0.079674
0.0788938
0.0816073
0.0851895
0.0870723
0.0861387
0.0832147
0.0804628
0.0800538
0.0828723
0.0879808
0.0931339
0.096025
0.0955361
0.0922854
0.0881859
0.0852962
0.084629
0.0856062
0.0864789
0.0854872
0.0820887
0.0775163
0.0742821
0.0748374
0.0800996
0.088679
0.0972945
0.102249
0.10126
0.0947059
0.0855882
0.0781455
0.0757824
0.0793645
0.08677
0.0939373
0.096893
0.0937629
0.0857757
0.076731
0.0711496
0.0720104
0.079231
0.0896781
0.0986847
0.102285
0.0990682
0.0907731
0.081385
0.0751781
0.0746765
0.0795375
0.0868903
0.0929029
0.0947361
0.0918911
0.0863157
0.0812769
0.0796191
0.0823086
0.0879889
0.093727
0.0965259
0.0948217
0.0892298
0.0822038
0.076813
0.0752675
0.0779265
0.0832465
0.0886315
0.0917131
0.0914208
0.0883656
0.0844168
0.0817393
0.0817838
0.0846974
0.0893644
0.0939721
0.0967857
0.0967911
0.0939804
0.0892337
0.0839164
0.0794003
0.0766937
0.0762532
0.0779495
0.0811321
0.0847822
0.0877726
0.0892183
0.0888187
0.0870448
0.0850321
0.0841554
0.0854094
0.0888623
0.0934696
0.0973999
0.0987854
0.0965845
0.0911471
0.0841792
0.0780678
0.0748482
0.075303
0.0786386
0.0829115
0.0859973
0.0866312
0.0850075
0.0826312
0.0814873
0.0829529
0.0870283
0.0922999
0.0966451
0.0982969
0.0967115
0.0927985
0.0884041
0.0853205
0.0843547
0.0849739
0.0857192
0.0851399
0.0827046
0.0791757
0.07624
0.0755906
0.0779531
0.0826022
0.0876777
0.0911643
0.0919998
0.090668
0.0889083
0.0886761
0.0909179
0.0948589
0.0982492
0.098509
0.0942042
0.0860595
0.076904
0.0704781
0.0696311
0.0748077
0.0836413
0.0919553
0.0957524
0.0932254
0.0857564
0.0773477
0.0727097
0.074919
0.0838003
0.0958518
0.105795
0.109033
0.103856
0.0923185
0.0793374
0.0704178
0.0691002
0.0753706
0.0857861
0.0952037
0.0992288
0.0962026
0.0878255
0.0781872
0.0717239
0.0711207
0.0761793
0.0841564
0.0913165
0.0948409
0.0941133
0.0907871
0.0876883
0.0871882
0.0899091
0.0944159
0.0980093
0.098166
0.0938666
0.0861369
0.0775604
0.071051
0.0685404
0.0702447
0.0748309
0.0803008
0.0850582
0.0885771
0.0913592
0.094272
0.0976944
0.100997
0.102695
0.101213
0.0958516
0.0874155
0.0781173
0.0707762
0.0676638
0.0695474
0.075393
0.082866
0.0893759
0.0931493
0.0938323
0.0923914
0.0904301
0.0893073
0.089498
0.0904807
0.0911477
0.090472
0.0880741
0.0844245
0.0806249
0.0779119
0.0771394
0.0784854
0.0814919
0.0853518
0.0892364
0.0924909
0.0946663
0.0954717
0.094743
0.0924705
0.0888799
0.0845157
0.080241
0.0770769
0.0758965
0.0771085
0.080498
0.0852946
0.0904073
0.0946977
0.0972058
0.0973013
0.0947835
0.0899546
0.0836704
0.0773194
0.0726375
0.071294
0.0742959
0.0814187
0.090959
0.100049
0.105557
0.105293
0.0990213
0.0887771
0.0782284
0.0712619
0.0703504
0.0754312
0.0838569
0.0915256
0.094739
0.0919495
0.0845638
0.076379
0.0718601
0.0740284
0.0829448
0.0955295
0.106838
0.11222
0.109369
0.0993032
0.0858589
0.0739449
0.0674008
0.0674606
0.0725132
0.0791992
0.0842257
0.0859615
0.0850436
0.0837587
0.0845862
0.088689
0.0951445
0.101317
0.104166
0.101805
0.0944924
0.0845607
0.0753691
0.069835
0.0692861
0.0731492
0.0795292
0.0862779
0.0919399
0.0960814
0.0989066
0.100504
0.100296
0.0971381
0.0900985
0.0794922
0.0675106
0.0579264
0.054806
0.0607179
0.0752819
0.0948448
0.11357
0.12555
0.127053
0.117912
0.101484
0.0832084
0.0684366
0.0604959
0.0598042
0.0643143
0.0709258
0.0770728
0.0817024
0.0852522
0.0887984
0.0929763
0.0973431
0.100544
0.101152
0.098635
0.0938686
0.0888221
0.0855656
0.0851126
0.0867648
0.0883842
0.0875289
0.0828938
0.0752893
0.0675868
0.0635662
0.0661641
0.0759424
0.0905292
0.10534
0.115302
0.116847
0.109323
0.0952413
0.0792722
0.0664727
0.0604904
0.0624629
0.0709446
0.0827316
0.0941267
0.102121
0.105119
0.103097
0.0972965
0.0896843
0.0823865
0.077208
0.0752508
0.0766416
0.0804481
0.0849065
0.0880038
0.0882822
0.0855553
0.0811814
0.0776617
0.0776137
0.0824881
0.0916123
0.102099
0.109809
0.111052
0.104301
0.0911155
0.0757777
0.063695
0.0592084
0.0637587
0.0752524
0.0889437
0.0994496
0.103
0.0989279
0.0897715
0.0799897
0.0739255
0.0739631
0.0796902
0.0883565
0.0962994
0.100594
0.100169
0.0959442
0.0900794
0.0848025
0.0814654
0.0802463
0.0805077
0.0814535
0.0826209
0.0839325
0.0853685
0.0865812
0.0868148
0.0852927
0.0818978
0.0777106
0.0749462
0.0761151
0.0826917
0.0939542
0.106702
0.11619
0.118013
0.110137
0.0941216
0.0748682
0.0588517
0.0515271
0.0550431
0.0673398
0.0830877
0.0960579
0.101828
0.0995804
0.0922012
0.0846633
0.081507
0.0846224
0.0923976
0.100613
0.104605
0.101611
0.0921694
0.0798953
0.0697793
0.0658393
0.0692756
0.0780159
0.0878272
0.0943974
0.0953412
0.0911855
0.0849221
0.0804018
0.0803743
0.085124
0.0923617
0.0984056
0.100034
0.0960729
0.0879445
0.078986
0.0729107
0.0721607
0.0768735
0.0848908
0.0927732
0.0973362
0.0969901
0.0922906
0.085521
0.0795944
0.0768159
0.0780284
0.0824306
0.088064
0.0927006
0.094728
0.0936783
0.0902495
0.0859025
0.0822559
0.0805173
0.0811186
0.0836384
0.0870027
0.0898816
0.0911492
0.090267
0.0874777
0.0837503
0.0804788
0.0790128
0.0801575
0.0838218
0.0889743
0.0939607
0.0970847
0.0972234
0.0942345
0.0890066
0.0831464
0.0784202
0.0761473
0.0767686
0.0797557
0.0838775
0.0876871
0.0900208
0.0903455
0.0888774
0.0864732
0.0843316
0.0835876
0.0849134
0.0882422
0.0926968
0.0967712
0.0987596
0.0973535
0.0922262
0.0843582
0.075901
0.0695373
0.0675152
0.0707127
0.07815
0.0872299
0.0946971
0.0979648
0.0962409
0.0909211
0.085012
0.0817803
0.0832091
0.0889791
0.0964971
0.102015
0.10236
0.0964753
0.0860356
0.0748127
0.0670382
0.0655128
0.0703577
0.0790204
0.0875389
0.0924517
0.0924145
0.0887358
0.0845756
0.0832185
0.0862996
0.0928917
0.0999244
0.103726
0.101912
0.0946618
0.0847314
0.076158
0.0722995
0.0741944
0.0800933
0.0864031
0.0895575
0.087857
0.0823467
0.0762812
0.0734388
0.076137
0.0839736
0.0939511
0.101917
0.104582
0.101103
0.0934514
0.0854005
0.0806175
0.0808379
0.0850561
0.0901541
0.0926181
0.0904185
0.0840794
0.076414
0.0710918
0.0707736
0.0757567
0.0838197
0.0913579
0.0952217
0.0943023
0.0900332
0.0855577
0.0840139
0.0868373
0.0929513
0.0992543
0.102156
0.0994048
0.0912891
0.0806159
0.0714519
0.0672543
0.0693143
0.0762649
0.0848472
0.0915046
0.0940036
0.0923132
0.0883717
0.0849219
0.0840439
0.0861365
0.0898327
0.0928366
0.0932018
0.0903842
0.0855489
0.0810062
0.0790762
0.0809446
0.0860573
0.0923311
0.0970634
0.0981004
0.0947274
0.0879091
0.0798413
0.0730771
0.0696208
0.0703159
0.0746973
0.0812898
0.0881952
0.0937301
0.0968946
0.0975528
0.0963284
0.0942875
0.0925073
0.0916444
0.091645
0.0917265
0.0906893
0.0874904
0.0818756
0.0747809
0.0682487
0.0647805
0.0663216
0.0733023
0.0841979
0.0958837
0.104726
0.108
0.105029
0.0974964
0.0887275
0.0822188
0.0800861
0.0821631
0.086194
0.0890425
0.0883441
0.083795
0.0774199
0.0726371
0.0725425
0.0782473
0.088118
0.0983383
0.104565
0.103911
0.0963212
0.0846858
0.0736217
0.0674769
0.0684822
0.075904
0.0865508
0.0963164
0.10197
0.102355
0.0985232
0.0928588
0.0877294
0.0843743
0.0825913
0.0813063
0.0795929
0.0774625
0.0759348
0.0763709
0.0795014
0.0847517
0.0903012
0.0939156
0.0941495
0.0912573
0.0872394
0.0848886
0.0862677
0.0914162
0.0980279
0.102373
0.101092
0.093008
0.0800296
0.0666239
0.0580169
0.0579155
0.066807
0.0816563
0.0971636
0.108006
0.111013
0.106299
0.0968745
0.0870348
0.0803315
0.0781182
0.0793213
0.0814576
0.0822816
0.0811376
0.0792925
0.0791014
0.0824914
0.0895995
0.0983156
0.105027
0.106246
0.100345
0.0885256
0.0745294
0.0631983
0.058531
0.0621032
0.0725326
0.086182
0.0987291
0.106849
0.109257
0.106744
0.101342
0.0951556
0.0894502
0.0843872
0.0794482
0.0742333
0.0691367
0.0654852
0.0650353
0.0690862
0.0776665
0.0892081
0.100887
0.109526
0.112704
0.109634
0.10143
0.090684
0.0805381
0.073639
0.0713324
0.0733435
0.0780118
0.0829843
0.0861292
0.0863389
0.0839257
0.0804704
0.0781902
0.0790531
0.083938
0.092135
0.101404
0.108639
0.110958
0.106806
0.0966525
0.0829681
0.0694837
0.0599819
0.0570643
0.0613435
0.0713466
0.0841289
0.0963059
0.105078
0.108885
0.107545
0.101973
0.0937157
0.0845444
0.0762281
0.0704101
0.0684352
0.0710223
0.0778566
0.0873423
0.0967886
0.103138
0.10407
0.0990455
0.0897662
0.0797117
0.0728135
0.0717744
0.0767904
0.0853304
0.0931778
0.0963441
0.0930051
0.084526
0.0750124
0.0694993
0.0715672
0.0815085
0.0959556
0.109212
0.115716
0.112516
0.100602
0.0844776
0.0701452
0.0624702
0.0631601
0.0702927
0.0795555
0.0865194
0.0887957
0.0870184
0.0842021
0.0838573
0.0878861
0.0953921
0.103044
0.106799
0.104078
0.0952416
0.0835886
0.0738379
0.0698415
0.072694
0.0802161
0.0880882
0.0920648
0.090146
0.0836044
0.076328
0.0727933
0.0756966
0.0844639
0.0954188
0.103541
0.104944
0.0988461
0.0880565
0.0776918
0.0727347
0.0756171
0.0850208
0.0964716
0.104415
0.104766
0.0967563
0.0832418
0.0693982
0.0604421
0.0594654
0.0663469
0.0781341
0.0905662
0.0999228
0.104335
0.104056
0.100754
0.0963719
0.092202
0.0886187
0.0854313
0.0824961
0.0801232
0.0790002
0.0796793
0.0819801
0.0847605
0.0863244
0.0853394
0.0817698
0.077238
0.0744918
0.0761301
0.0831725
0.0942043
0.105606
0.112879
0.112542
0.103767
0.0889767
0.0730815
0.0616072
0.0585028
0.06456
0.0771295
0.0912453
0.10166
0.104914
0.100581
0.0912286
0.0811846
0.074693
0.074226
0.0796133
0.0882759
0.0964012
0.10053
0.0989015
0.0920641
0.0825797
0.074007
0.069563
0.0709484
0.0777472
0.0876056
0.0971045
0.102991
0.103321
0.0981344
0.0894179
0.0803767
0.07423
0.0729799
0.0766492
0.0833212
0.0899801
0.0937999
0.0933329
0.0890961
0.0833051
0.0788652
0.0780553
0.0814886
0.0878244
0.0943725
0.0983177
0.0979944
0.0936144
0.0871089
0.0811776
0.0780232
0.0783953
0.08139
0.0850553
0.0874513
0.0876162
0.0859658
0.083952
0.0831814
0.0844772
0.0874052
0.0905237
0.0922063
0.0915595
0.0889256
0.0857047
0.0835975
0.0836705
0.0857487
0.0884865
0.0901064
0.0894095
0.0864873
0.0827266
0.0800916
0.0800647
0.0828141
0.0870469
0.0906559
0.0918361
0.0900687
0.0864234
0.0829994
0.081793
0.0835934
0.0875013
0.0913557
0.09288
0.0909619
0.0863654
0.0814427
0.0789449
0.0805294
0.0857631
0.0921811
0.0964301
0.0959526
0.0903743
0.0818683
0.0742586
0.0712411
0.0745689
0.0831039
0.0932456
0.100564
0.101856
0.0966376
0.0873576
0.0782464
0.07336
0.0747378
0.0815276
0.0904598
0.0974096
0.0992838
0.0953548
0.0874625
0.0790638
0.0736364
0.0732094
0.0776643
0.0850237
0.0924607
0.0974811
0.0987587
0.0963637
0.0914375
0.0855851
0.0803098
0.076699
0.0753715
0.0765378
0.0800046
0.0850965
0.0906225
0.0950658
0.0970477
0.0959098
0.092116
0.0871997
0.0831844
0.0816783
0.0830608
0.0862074
0.0889742
0.0892788
0.0862619
0.0809098
0.0757504
0.0736971
0.0765665
0.0840094
0.0934378
0.101061
0.103583
0.0997721
0.091116
0.0812372
0.0742844
0.0730542
0.0777372
0.0859044
0.0937267
0.0978013
0.0966749
0.0913491
0.0845937
0.079476
0.0778679
0.0796698
0.0830981
0.0858233
0.0863026
0.0845844
0.0821784
0.081113
0.082737
0.0869441
0.0922399
0.0965809
0.0984696
0.097667
0.095136
0.0922932
0.0900413
0.0881806
0.0855873
0.0811004
0.0746066
0.0676276
0.0629488
0.063365
0.0701583
0.0821339
0.0958074
0.106767
0.111601
0.109445
0.102322
0.0940644
0.0883295
0.0867381
0.0881144
0.0892574
0.0868737
0.079669
0.0694536
0.0605765
0.057864
0.064063
0.0781277
0.0953124
0.109131
0.114286
0.109164
0.0966479
0.0828137
0.0740632
0.0740753
0.0820771
0.0933077
0.101448
0.101803
0.0936496
0.080613
0.0688744
0.0641075
0.068658
0.0803802
0.0937085
0.102409
0.102618
0.0946558
0.0827587
0.0728917
0.0697779
0.0746408
0.0847759
0.0951055
0.100851
0.0999311
0.0938741
0.0868344
0.0832375
0.085299
0.0917268
0.098314
0.100134
0.094204
0.0812514
0.0656801
0.053739
0.0507555
0.0587381
0.0754641
0.095442
0.112244
0.121075
0.120423
0.112133
0.10008
0.0882394
0.0791343
0.0733459
0.0701091
0.0684678
0.0682221
0.0700966
0.0750619
0.0832652
0.0932858
0.102273
0.10701
0.105413
0.0976742
0.0864249
0.0757694
0.0695891
0.0699026
0.0760505
0.0850924
0.0932141
0.0974533
0.0969174
0.0929444
0.0882019
0.0852373
0.0852213
0.0874809
0.0899933
0.0905387
0.0879119
0.0825917
0.0765548
0.0723524
0.0719278
0.0757527
0.0826618
0.0904082
0.0966282
0.0997553
0.0994923
0.0967
0.0928415
0.0893011
0.0868799
0.0856278
0.0850025
0.0842322
0.0827114
0.0802778
0.0772979
0.0745839
0.0732072
0.0742359
0.0783924
0.0856705
0.0950489
0.10449
0.11134
0.113088
0.108281
0.0972604
0.0823854
0.0675346
0.0569531
0.053829
0.0591484
0.0713048
0.0866345
0.100681
0.109699
0.111832
0.107526
0.0990837
0.0896072
0.081814
0.0772126
0.0758979
0.0769291
0.0790034
0.0810717
0.082643
0.0837336
0.0846036
0.0854957
0.0865208
0.0876994
0.0890574
0.0906525
0.0924743
0.094269
0.0954317
0.0951165
0.0925943
0.0877216
0.0812626
0.0748437
0.0704853
0.0698649
0.073608
0.0809284
0.0898141
0.0977125
0.102432
0.102865
0.0992573
0.0929521
0.0858027
0.0795252
0.0752646
0.0734989
0.0742115
0.0771319
0.0818419
0.0876996
0.0937021
0.0984914
0.10064
0.0991805
0.0941477
0.0868328
0.079514
0.074679
0.0740162
0.0776253
0.0838551
0.0899306
0.0931494
0.0921217
0.087457
0.0815464
0.0775068
0.0777474
0.0827965
0.090936
0.0988514
0.103046
0.101394
0.0941355
0.0838581
0.0744713
0.0695991
0.0710729
0.0781771
0.0879761
0.0965533
0.100589
0.0986125
0.0914839
0.0819917
0.0737602
0.0698737
0.0717452
0.0786713
0.088211
0.0971583
0.102675
0.103194
0.0988551
0.0913892
0.0834824
0.0778158
0.0761141
0.0785566
0.0837638
0.0893481
0.0928224
0.0925498
0.0883966
0.0818325
0.0754025
0.0717469
0.0725553
0.0778937
0.0861881
0.0948599
0.101322
0.103915
0.102395
0.0978233
0.0919366
0.0863534
0.0819966
0.0789994
0.0770612
0.0759693
0.0759163
0.0773944
0.0807279
0.0855533
0.0906237
0.0941513
0.0945995
0.0915508
0.0861693
0.0809155
0.0785241
0.0806686
0.0869758
0.0949562
0.100988
0.101955
0.0967896
0.0871448
0.0768278
0.0701631
0.0700151
0.0764123
0.0864642
0.0956462
0.0998573
0.0972838
0.0891984
0.0793232
0.0720682
0.0704996
0.0750215
0.0833805
0.0919234
0.0974174
0.0985064
0.0961067
0.0926094
0.0903722
0.0903516
0.0916319
0.0920937
0.0898166
0.0843998
0.0774324
0.0718098
0.0702253
0.0736398
0.0805912
0.0877935
0.0917894
0.0908186
0.0858989
0.0804729
0.0787056
0.0832389
0.0935554
0.105849
0.114572
0.114996
0.105565
0.0889051
0.070906
0.0582415
0.0554387
0.0628768
0.0766676
0.0904723
0.0983966
0.0976202
0.0895653
0.0790938
0.0721391
0.0729029
0.0819252
0.095887
0.10916
0.11632
0.114453
0.10425
0.0895031
0.0753355
0.0660587
0.0636222
0.0672455
0.0742146
0.08132
0.0862196
0.0881603
0.0878657
0.086808
0.0863362
0.0871098
0.0890272
0.0915227
0.0939434
0.0957693
0.0966208
0.0961669
0.0940982
0.0902668
0.0849459
0.0790327
0.0739859
0.0714066
0.0723821
0.0768945
0.0836314
0.0903715
0.0948343
0.0956207
0.0928043
0.0878923
0.0831741
0.0807492
0.0816552
0.0854692
0.0905531
0.0948182
0.0966303
0.0954204
0.0917591
0.0869541
0.0824416
0.0792632
0.0778105
0.0778852
0.0789822
0.0806145
0.0824954
0.0845201
0.0866378
0.0887564
0.0907435
0.092476
0.0938573
0.0947601
0.0949339
0.0939714
0.0914339
0.0871496
0.0815614
0.0758888
0.0719029
0.071297
0.0748795
0.0819808
0.0904421
0.0973203
0.100088
0.0978073
0.0916836
0.0846558
0.0801004
0.0802056
0.0848026
0.0913048
0.0958843
0.095382
0.0890256
0.0790743
0.0699879
0.0664146
0.0708975
0.0824208
0.0965915
0.107477
0.110284
0.103615
0.0902103
0.0757916
0.066494
0.0660785
0.074241
0.0868392
0.0979281
0.102606
0.0992893
0.0903309
0.0806974
0.0753996
0.0769682
0.0842428
0.0930467
0.0983658
0.0969197
0.0888541
0.0777242
0.0687761
0.0663869
0.0719578
0.0833085
0.0958144
0.104639
0.106915
0.10284
0.0952111
0.0877481
0.0831269
0.0817887
0.0821086
0.0817271
0.0792136
0.0750973
0.0716782
0.0717091
0.0766773
0.0856795
0.0955885
0.102495
0.103689
0.0991073
0.0914615
0.0848794
0.0827342
0.0857858
0.0916691
0.0960642
0.094987
0.0870427
0.0744916
0.0625181
0.0569386
0.0613843
0.0753518
0.0941545
0.110855
0.119256
0.116532
0.104335
0.0879078
0.073667
0.0663781
0.0672701
0.0739452
0.0820076
0.0874702
0.0886824
0.0868703
0.0851184
0.0863993
0.0917064
0.099282
0.105355
0.106006
0.0992252
0.0861178
0.0706958
0.0583189
0.053507
0.0581186
0.0706913
0.087157
0.102505
0.112601
0.115422
0.111334
0.102495
0.0917965
0.0818732
0.0745335
0.0706545
0.0703573
0.0732166
0.0783667
0.0845384
0.0901694
0.0937188
0.0941731
0.0915321
0.0869662
0.0824552
0.0799916
0.0807015
0.0843074
0.0892181
0.0932328
0.0945591
0.0926657
0.0885403
0.0842043
0.0817169
0.0821743
0.0852042
0.0891945
0.0921193
0.0925319
0.0902234
0.0862236
0.0821756
0.0794581
0.0785475
0.0789483
0.0796824
0.080028
0.0800762
0.0807685
0.0833523
0.0885264
0.0957672
0.10326
0.108524
0.109426
0.105104
0.0963505
0.0853191
0.0746835
0.0666685
0.0624125
0.0619302
0.0645765
0.0696354
0.0766378
0.0852422
0.0948157
0.104051
0.110976
0.113501
0.110346
0.101854
0.0902106
0.0788143
0.0710135
0.0687507
0.0717708
0.0778086
0.0837096
0.0869507
0.0868004
0.0845308
0.0825862
0.0831495
0.0868525
0.092314
0.0967855
0.0976089
0.0937335
0.0864628
0.0789777
0.0748237
0.07611
0.082355
0.0906101
0.0968618
0.0980426
0.0936388
0.0860427
0.0794089
0.0775267
0.081756
0.0901052
0.0980024
0.100474
0.0947146
0.0817788
0.0665143
0.055648
0.054823
0.0659226
0.0859472
0.108026
0.124156
0.128468
0.119588
0.101103
0.0799737
0.0636182
0.0569622
0.0607166
0.0715528
0.0839527
0.0927759
0.0953523
0.0922408
0.086472
0.0817884
0.0807947
0.0838821
0.0893401
0.0944581
0.0969586
0.0960223
0.092452
0.0880159
0.0844172
0.0824698
0.0818884
0.0817367
0.08122
0.0803219
0.0798811
0.0810473
0.0844432
0.0895495
0.0947026
0.0977505
0.0970722
0.0924723
0.085481
0.0788291
0.0752757
0.0763325
0.0815241
0.0885534
0.0942964
0.0961801
0.0933437
0.087058
0.0801782
0.0758559
0.0761105
0.0809407
0.088358
0.0952839
0.0988898
0.0978038
0.0926609
0.0857526
0.0799493
0.0774241
0.0787748
0.0828946
0.0875839
0.0905916
0.0906225
0.087861
0.0837791
0.0803546
0.079127
0.0805587
0.0839601
0.0879397
0.0911227
0.0927862
0.093099
0.0928424
0.0927823
0.093072
0.0930578
0.0916183
0.087868
0.0818613
0.0749141
0.0693077
0.067416
0.0706029
0.0784197
0.0885519
0.0976187
0.102516
0.101723
0.0959913
0.0880859
0.081643
0.0795871
0.0828042
0.0896928
0.0968351
0.100499
0.0983026
0.0903104
0.0790951
0.0687326
0.0631391
0.064458
0.0722041
0.0835366
0.0944984
0.10162
0.103182
0.0996451
0.0931884
0.0866276
0.0822381
0.0809814
0.0824164
0.0852319
0.0880381
0.0899679
0.0908168
0.0907631
0.0899594
0.0883192
0.0856434
0.0819838
0.0779789
0.074886
0.0741864
0.0768722
0.0827544
0.0902103
0.0966285
0.0994571
0.0974047
0.0912068
0.0835217
0.0779069
0.0772616
0.082417
0.0915563
0.100811
0.105843
0.103743
0.0944085
0.0807609
0.067662
0.0599607
0.0604864
0.0688688
0.0817132
0.0940624
0.10149
0.1019
0.0962591
0.0880063
0.0814323
0.0797713
0.0838269
0.0917074
0.099746
0.104158
0.102672
0.0954406
0.0848734
0.0745531
0.0677431
0.0661508
0.0694466
0.0756715
0.0822621
0.0871849
0.0896778
0.0903237
0.0904879
0.0914377
0.0936007
0.0963324
0.0982803
0.0981127
0.0952219
0.0900758
0.0840777
0.0790014
0.0762444
0.076239
0.0783171
0.0811017
0.0832225
0.0839884
0.0836901
0.0833968
0.0843407
0.0871813
0.0915108
0.0958728
0.0983275
0.0973332
0.092553
0.0852126
0.0778004
0.0731717
0.0733843
0.0787565
0.0875821
0.0966757
0.102559
0.102821
0.0970998
0.0872692
0.076758
0.0692521
0.0672963
0.0713468
0.079655
0.0890268
0.0961324
0.0988004
0.0967608
0.091573
0.0858388
0.0820755
0.081714
0.0846066
0.0892134
0.0933461
0.0951125
0.093644
0.0893401
0.0836104
0.0782913
0.0749977
0.0746341
0.0772016
0.0819022
0.0874427
0.0923967
0.0955316
0.0960684
0.0938687
0.0895205
0.0842626
0.0797049
0.0773754
0.0782083
0.0821533
0.0880814
0.0940818
0.098096
0.0986737
0.0955487
0.0897691
0.083302
0.0782562
0.0760483
0.0768702
0.079697
0.0828353
0.0847614
0.0848584
0.0836993
0.0827409
0.0835695
0.0870439
0.0927378
0.0989562
0.103352
0.103891
0.0997416
0.0916921
0.0819206
0.0732188
0.067997
0.0674627
0.071276
0.0777921
0.0847664
0.0902183
0.0930987
0.0935126
0.0924628
0.0912767
0.090982
0.0918739
0.0934148
0.0944829
0.0938646
0.0908028
0.0853916
0.0786722
0.0723942
0.0685091
0.0685387
0.0730067
0.0811412
0.0909987
0.100013
0.105793
0.106871
0.103146
0.0958603
0.0871436
0.0792804
0.0739709
0.0718728
0.0726006
0.0751554
0.0785399
0.0822233
0.0862121
0.0907163
0.0956341
0.100187
0.102962
0.102404
0.0975805
0.0888584
0.0781446
0.0684682
0.0629936
0.0638334
0.0711677
0.0830643
0.0960896
0.106467
0.111323
0.109564
0.102072
0.0912253
0.0799885
0.0709817
0.0658623
0.0651644
0.0684954
0.0748676
0.0829721
0.0913371
0.0984485
0.102946
0.103933
0.10132
0.0959998
0.0896917
0.0843871
0.0815713
0.0815549
0.0832836
0.0848036
0.0842326
0.0808042
0.0754529
0.0705869
0.0690646
0.0728019
0.0816779
0.0933167
0.103931
0.109888
0.10929
0.102824
0.0934412
0.0849808
0.0803667
0.0802676
0.0829005
0.0850914
0.0840676
0.0790815
0.0720312
0.0667027
0.0669165
0.074444
0.0877594
0.102343
0.112491
0.113823
0.105336
0.090049
0.0739073
0.0633631
0.0626565
0.0720069
0.0875438
0.103001
0.112371
0.112319
0.103338
0.089237
0.0753139
0.0660834
0.0635885
0.0669876
0.073455
0.0798196
0.0840775
0.086089
0.0872323
0.0893089
0.0933302
0.0988304
0.10404
0.106776
0.105541
0.100243
0.0922063
0.0835374
0.0762027
0.0713079
0.0689066
0.0683719
0.0690477
0.0707641
0.0739065
0.0790119
0.0861511
0.094484
0.102295
0.107552
0.108748
0.10558
0.0991233
0.0913819
0.0844515
0.0796842
0.0772545
0.0763279
0.0757394
0.0748179
0.0738912
0.0741672
0.0770293
0.0831094
0.0916228
0.100338
0.106275
0.106893
0.10126
0.0906598
0.0783179
0.0683245
0.0641608
0.0673915
0.0770241
0.0898133
0.101432
0.108055
0.107707
0.100877
0.0902011
0.0794299
0.0720451
0.0700388
0.0732908
0.0797875
0.0865635
0.0909405
0.091546
0.0887444
0.0843653
0.0808622
0.0802386
0.0831858
0.0887996
0.0949855
0.0993535
0.100207
0.0972152
0.0914941
0.0850695
0.0799693
0.0773813
0.0772786
0.0786575
0.080217
0.0811098
0.0813869
0.0819143
0.0837882
0.0875399
0.092573
0.0972013
0.099349
0.0975989
0.092048
0.0844994
0.0778333
0.074796
0.0767374
0.0828951
0.0906096
0.0964374
0.0976847
0.0936521
0.0859938
0.0780072
0.0731653
0.0735575
0.0789572
0.0869531
0.0940836
0.0974257
0.0958764
0.0905451
0.0841219
0.0795742
0.0788024
0.0818702
0.0871258
0.0921007
0.0946981
0.0940802
0.0908585
0.0865824
0.0828731
0.0806922
0.0801026
0.0805695
0.0815302
0.0828301
0.0847357
0.0875348
0.0910095
0.0941749
0.095542
0.0938543
0.0889378
0.0821572
0.0761183
0.0736291
0.0763477
0.0837794
0.0931955
0.10064
0.102645
0.097887
0.0879636
0.0768756
0.0693719
0.0688608
0.07582
0.0874631
0.0988711
0.105112
0.1034
0.0943108
0.0815472
0.0703599
0.0653396
0.0685202
0.0785989
0.0915783
0.102499
0.107457
0.105043
0.0966611
0.0857259
0.0761743
0.0709658
0.0711538
0.0758138
0.0827146
0.0893323
0.0937517
0.0951493
0.0937946
0.0906997
0.0871415
0.0842481
0.082746
0.0828599
0.0843219
0.0864661
0.0884148
0.0893428
0.0887644
0.0867442
0.0839343
0.0813844
0.080154
0.0808708
0.0834392
0.0870683
0.0906214
0.0931116
0.0940793
0.0936682
0.0923887
0.090724
0.0888196
0.0864506
0.0833113
0.0794704
0.0756904
0.0733353
0.0738107
0.0777747
0.084551
0.092126
0.0978396
0.0995277
0.0965969
0.0904787
0.084144
0.0808046
0.0823597
0.0883449
0.095951
0.101184
0.100682
0.0933692
0.0811473
0.0682672
0.0595996
0.0585681
0.0656839
0.0783584
0.0920656
0.102295
0.106381
0.10439
0.0987227
0.0927121
0.0889544
0.0882042
0.0893144
0.0901497
0.0889147
0.0851719
0.0800399
0.0755223
0.0733847
0.0742304
0.0772905
0.0810089
0.0840322
0.0859865
0.0875748
0.0899376
0.0936569
0.0980203
0.101068
0.100532
0.0952289
0.0861275
0.0763766
0.0701145
0.0705415
0.0781846
0.090268
0.101632
0.106916
0.103054
0.0908947
0.075085
0.0621569
0.0576537
0.0636159
0.0776179
0.093835
0.105666
0.108699
0.102627
0.0912438
0.0805343
0.0757974
0.0791687
0.0886996
0.0993925
0.105652
0.103949
0.0944291
0.0807374
0.0682372
0.0615315
0.0624993
0.0697344
0.0795613
0.0880148
0.0927261
0.093771
0.0931365
0.093217
0.0952334
0.0984489
0.10059
0.0992305
0.0933766
0.0843571
0.0754572
0.0704077
0.07149
0.0782593
0.0875883
0.0950537
0.0970177
0.0924041
0.083297
0.074031
0.0691722
0.0713471
0.0799777
0.0915361
0.101187
0.105023
0.101822
0.0935313
0.0842645
0.078323
0.0781975
0.0834796
0.091162
0.0971388
0.0981609
0.0933215
0.0843963
0.0749342
0.0685888
0.0675174
0.0715833
0.0786684
0.0858571
0.0908622
0.0929939
0.093232
0.0934225
0.095059
0.0983005
0.101742
0.103054
0.100181
0.0924909
0.0813316
0.0697015
0.0611621
0.0584645
0.0624852
0.071925
0.0838776
0.0949872
0.102668
0.105865
0.105098
0.101845
0.097648
0.0933747
0.0889961
0.0839508
0.0778807
0.0713188
0.0659048
0.0639255
0.0673179
0.0765745
0.09009
0.104336
0.114902
0.118056
0.112224
0.0987851
0.0817712
0.0665388
0.0578596
0.0581788
0.0667438
0.0799732
0.0929173
0.101206
0.102679
0.0980457
0.0903423
0.0834708
0.0804714
0.0822754
0.087456
0.0930443
0.0959949
0.0946048
0.0892452
0.0821125
0.0761658
0.073772
0.0756864
0.0808215
0.0868729
0.0914541
0.0931658
0.0920919
0.0895438
0.0872455
0.0863984
0.087092
0.088343
0.088727
0.0872531
0.0840024
0.0801899
0.0776288
0.0778761
0.0814718
0.087621
0.0944614
0.0997875
0.101886
0.100095
0.0948921
0.0875633
0.079715
0.0728519
0.0681521
0.0664274
0.0681606
0.0734711
0.0819274
0.0922993
0.102503
0.109963
0.112387
0.108665
0.0994803
0.0873053
0.0756919
0.0680482
0.0663673
0.0704614
0.0780848
0.0859234
0.0910162
0.0919732
0.0894545
0.0857126
0.083411
0.0842741
0.0882155
0.0933716
0.0970219
0.0969432
0.0925419
0.0852263
0.0778375
0.0733995
0.0737722
0.0788294
0.0865316
0.0938337
0.0980026
0.0977529
0.0937044
0.087971
0.0830984
0.0808715
0.0815653
0.0839554
0.0860318
0.086051
0.0834457
0.0791906
0.0754463
0.0746182
0.078238
0.086166
0.0964635
0.105988
0.111476
0.110712
0.103354
0.0911362
0.0773595
0.0658557
0.0597693
0.0605716
0.0676377
0.0785247
0.0898466
0.0984255
0.102305
0.10127
0.0967167
0.0909549
0.0862347
0.0838932
0.0839492
0.0852985
0.0863977
0.086109
0.0842987
0.0818974
0.0803986
0.0810518
0.0841562
0.0888083
0.0932372
0.095584
0.0947665
0.0910069
0.0857491
0.0809909
0.0783641
0.0784253
0.0805038
0.0831612
0.0850045
0.0854251
0.0848837
0.0845981
0.0858039
0.0889812
0.0934679
0.0976809
0.0998478
0.0988712
0.0948648
0.0890736
0.0832312
0.0787188
0.0759921
0.0745849
0.0736703
0.0728435
0.072635
0.0743767
0.0793986
0.0879572
0.0985354
0.108024
0.112851
0.110602
0.101363
0.0880691
0.0755496
0.0685588
0.0696344
0.0778028
0.0888433
0.0971015
0.0980812
0.0906256
0.0776418
0.064963
0.058792
0.0628522
0.0765595
0.0951003
0.111425
0.119275
0.11587
0.103069
0.086478
0.0729363
0.0675313
0.0714838
0.0818354
0.0930061
0.0994335
0.0980582
0.0895546
0.0778287
0.0681004
0.0645176
0.0684159
0.077971
0.0892824
0.0982523
0.102322
0.101305
0.0970434
0.0922025
0.0888722
0.0876868
0.0878358
0.0878369
0.0865562
0.083887
0.0807575
0.0785308
0.078184
0.0797415
0.0822772
0.0844771
0.0854275
0.085167
0.0846699
0.0852568
0.0877593
0.0919094
0.0963028
0.0989841
0.0983767
0.0941065
0.0873044
0.0802144
0.0752669
0.0740495
0.0766649
0.0817664
0.0872132
0.0910044
0.092059
0.090528
0.0875532
0.0846369
0.0829508
0.0829169
0.0842161
0.0861348
0.0879927
0.0894146
0.0903476
0.0908794
0.0910066
0.0905191
0.0891
0.0866046
0.0833428
0.0801517
0.0781525
0.0782772
0.0807933
0.0850715
0.0897316
0.0931322
0.0940127
0.0920273
0.08794
0.0833868
0.0802732
0.0800293
0.0830086
0.088278
0.0938985
0.097605
0.0976377
0.0934333
0.0859316
0.0773742
0.0706244
0.0681976
0.0713182
0.0793572
0.0899039
0.099506
0.104857
0.104024
0.097253
0.0870162
0.0771902
0.0716175
0.0725706
0.0797564
0.09032
0.0999034
0.104364
0.101468
0.0918581
0.0788845
0.0673204
0.0614839
0.0635419
0.0727087
0.085653
0.0979024
0.105629
0.107055
0.102918
0.0958426
0.0889808
0.084605
0.0832918
0.084001
0.0848928
0.0844079
0.0820669
0.0786346
0.0756291
0.0744884
0.0758637
0.079396
0.0840371
0.0886668
0.0926186
0.095811
0.0984418
0.100476
0.10131
0.099901
0.095368
0.0877503
0.0784666
0.0701103
0.0655453
0.066659
0.0733698
0.0834305
0.0932104
0.0991684
0.0993743
0.0943721
0.0869387
0.0807956
0.0788574
0.0818667
0.0880899
0.0942125
0.0969786
0.094787
0.0884886
0.0810007
0.0759025
0.0756799
0.0804963
0.0881115
0.0949791
0.0979525
0.0957507
0.0894893
0.0820554
0.0766579
0.0752835
0.0778303
0.0823439
0.0862041
0.0876079
0.0865448
0.0847401
0.0846003
0.0877293
0.093816
0.100514
0.104435
0.102811
0.09503
0.083244
0.0716519
0.0647273
0.0651978
0.0727534
0.084116
0.0944531
0.0995008
0.0974466
0.0897266
0.0803602
0.0741065
0.0742797
0.0812345
0.0922098
0.102568
0.107832
0.105594
0.0964964
0.0839081
0.0724986
0.0663473
0.0673863
0.0747932
0.0855075
0.0955571
0.10157
0.10186
0.0967483
0.0881586
0.0787919
0.0712512
0.0674094
0.0681215
0.0732266
0.0817065
0.0919008
0.10176
0.109167
0.112361
0.110387
0.103465
0.093064
0.0815804
0.071647
0.0653098
0.0634149
0.0654744
0.070062
0.0755421
0.0807852
0.0855295
0.09022
0.0954228
0.101142
0.106429
0.109543
0.108633
0.102666
0.0921779
0.0794363
0.0678623
0.0608745
0.0606184
0.06712
0.0782225
0.0903406
0.0997333
0.103804
0.101926
0.0954953
0.0872466
0.0801486
0.0763558
0.0765871
0.0800964
0.0851614
0.0898366
0.0926574
0.0930469
0.0913429
0.0885229
0.0857894
0.0841621
0.0841822
0.0857826
0.088334
0.0908361
0.0921968
0.0915482
0.0885431
0.0835567
0.0777012
0.0725932
0.069904
0.0708216
0.0756125
0.083459
0.0926595
0.101128
0.107002
0.109119
0.107218
0.101846
0.0940741
0.085181
0.0764295
0.0689949
0.0639807
0.062384
0.0648965
0.0715583
0.0814388
0.0925787
0.10235
0.108198
0.108528
0.103374
0.0945202
0.0849463
0.07775
0.0749675
0.076799
0.0816071
0.0867183
0.0896749
0.0893461
0.0863737
0.0827535
0.0807722
0.0818172
0.0856324
0.0903902
0.0935773
0.0932854
0.0892666
0.0831865
0.0779035
0.076103
0.078962
0.0855111
0.0930206
0.098242
0.0989273
0.0949016
0.0881561
0.0818811
0.0788931
0.0802339
0.0846552
0.0892612
0.0909984
0.0882625
0.0818304
0.0746332
0.0704389
0.0720517
0.0798912
0.0916477
0.103188
0.110289
0.11041
0.103692
0.0927593
0.0814445
0.0730933
0.0692816
0.0695336
0.0720684
0.0750692
0.077747
0.0806297
0.0849485
0.0914909
0.0996089
0.107026
0.110666
0.108141
0.099148
0.0860013
0.072942
0.0644534
0.063326
0.0693923
0.0795787
0.0893053
0.0945941
0.0938801
0.0886487
0.0825913
0.0796953
0.0822072
0.0894677
0.0981902
0.10405
0.103818
0.0969874
0.0860989
0.0755815
0.0696765
0.0704647
0.0769542
0.0856491
0.0922977
0.0939595
0.0903903
0.0840674
0.0788463
0.0779339
0.0822186
0.089805
0.0969636
0.0999921
0.0970696
0.0892135
0.0798838
0.0734028
0.0729242
0.0789298
0.0889811
0.0988304
0.104322
0.103168
0.095819
0.0851139
0.074957
0.0686633
0.0677204
0.0714768
0.0777902
0.0842082
0.0890468
0.0918811
0.0933243
0.0943355
0.0954912
0.0966192
0.0969649
0.0957473
0.0927395
0.0885086
0.0841741
0.080837
0.0790259
0.0784833
0.0784163
0.0780597
0.0772193
0.0764786
0.0769413
0.079628
0.0848188
0.0916833
0.0984331
0.102993
0.103896
0.100949
0.0953189
0.0890017
0.083946
0.0812521
0.0807965
0.0814442
0.0817442
0.080764
0.0786275
0.076472
0.0758523
0.0779027
0.0826691
0.0889369
0.0946628
0.097847
0.0974475
0.0938889
0.0889051
0.0847837
0.0833564
0.0851763
0.0892343
0.093355
0.0951349
0.0930322
0.0871304
0.0792245
0.0721783
0.0688007
0.0706877
0.0774996
0.0869895
0.0958098
0.100795
0.10022
0.0945214
0.0861903
0.0788198
0.0756525
0.0781977
0.0855174
0.0945249
0.101214
0.102331
0.0968125
0.0863702
0.0749422
0.0671525
0.0663847
0.0732813
0.085343
0.0978446
0.10572
0.105654
0.0975028
0.0844293
0.0716587
0.0643456
0.065455
0.07456
0.0880627
0.100725
0.10784
0.107108
0.0994459
0.0884291
0.0786539
0.0737758
0.0750681
0.0810916
0.0885468
0.0938504
0.094689
0.0908759
0.0842159
0.0775461
0.0734608
0.0733035
0.0768282
0.0825812
0.0887122
0.0937533
0.0969978
0.0983962
0.0981714
0.0964802
0.0933572
0.0889517
0.0838503
0.0791935
0.0764067
0.076596
0.0798935
0.0851251
0.0900719
0.0923282
0.0904287
0.0847056
0.0773943
0.0718376
0.0710878
0.07651
0.0870164
0.0993084
0.109082
0.112729
0.1088
0.0986039
0.0856585
0.0742614
0.0678066
0.0675597
0.07238
0.0794523
0.0856499
0.0888824
0.0888325
0.0868157
0.0849147
0.0848549
0.0871579
0.0909508
0.0944791
0.0960261
0.0947599
0.0911018
0.0864755
0.0825997
0.0806864
0.0809371
0.0825711
0.0843454
0.085262
0.0850783
0.0843751
0.0841785
0.0853397
0.0879717
0.0912318
0.093604
0.0935937
0.0905106
0.0849455
0.0786936
0.0741398
0.0733409
0.0771527
0.0847567
0.093824
0.101308
0.10457
0.102372
0.0953587
0.0858365
0.0769598
0.0715924
0.0712563
0.0755786
0.082484
0.08907
0.0927972
0.0924987
0.0888104
0.0838649
0.0803692
0.0804261
0.084582
0.0915146
0.0985155
0.102571
0.101594
0.0952964
0.0853738
0.074912
0.0672712
0.0648794
0.0684034
0.0765963
0.0868393
0.0961227
0.102062
0.103564
0.100959
0.0956312
0.0894083
0.0839491
0.0803268
0.0788718
0.0792568
0.0807403
0.0824532
0.0836448
0.0838721
0.0831496
0.0820286
0.0815126
0.0827352
0.0864429
0.092475
0.0994941
0.105179
0.106932
0.102918
0.0930527
0.0794537
0.066044
0.0573198
0.0566838
0.0649934
0.0799711
0.0968226
0.109913
0.114868
0.110237
0.0980361
0.0829223
0.0703595
0.0645199
0.0667866
0.0754556
0.0867037
0.0963358
0.101496
0.101591
0.0980965
0.0934409
0.0896147
0.0872135
0.0853803
0.0826144
0.0779712
0.0719714
0.0666888
0.0649053
0.0687185
0.0782983
0.0914564
0.104309
0.112777
0.114265
0.108727
0.0986494
0.0879182
0.0801108
0.0769992
0.0779542
0.0805011
0.0817297
0.079864
0.0752344
0.070177
0.0679008
0.0708605
0.0794249
0.0914949
0.103273
0.110834
0.111775
0.106192
0.0965623
0.0865979
0.0796296
0.0772399
0.0787561
0.0818006
0.0836117
0.0824966
0.0787143
0.0743644
0.0723409
0.0748602
0.082266
0.092672
0.102611
0.108416
0.107733
0.100508
0.0890398
0.0770825
0.0684154
0.0654979
0.0687365
0.0765941
0.0863907
0.0953783
0.101607
0.104269
0.103494
0.0998602
0.0939787
0.0864043
0.0778835
0.0696856
0.0636754
0.0619082
0.0658123
0.0753152
0.088402
0.101464
0.110444
0.112391
0.106749
0.0957722
0.0837677
0.0753861
0.0736445
0.0785636
0.0870964
0.0944637
0.0963511
0.0909813
0.0800951
0.0683429
0.0613016
0.0629559
0.0737736
0.0902855
0.106423
0.116062
0.115629
0.105613
0.0902827
0.0757825
0.0674612
0.0676522
0.0748849
0.0848376
0.0925324
0.0947012
0.0912056
0.0848665
0.0798402
0.0793821
0.0841271
0.0917394
0.0980932
0.0993792
0.0940915
0.0839138
0.073063
0.0663903
0.067143
0.0754553
0.0882767
0.10074
0.108286
0.10855
0.102153
0.0921398
0.0824053
0.0759376
0.0737214
0.0747561
0.0770472
0.0789337
0.0800016
0.0811143
0.0836129
0.0882017
0.0941949
0.0995951
0.102006
0.0999107
0.0936166
0.0853188
0.0781802
0.0748677
0.0762815
0.0811357
0.0866164
0.0897994
0.0891269
0.0851989
0.0804648
0.0779555
0.079699
0.0856326
0.0935588
0.100154
0.102524
0.0995466
0.0923615
0.0837853
0.0769525
0.07389
0.0747461
0.0780163
0.0815666
0.0838533
0.0846896
0.0851775
0.0868682
0.0906239
0.0958322
0.10046
0.101981
0.0987093
0.0908498
0.0806767
0.0717119
0.0672542
0.0689404
0.0760125
0.0856452
0.0941795
0.0986879
0.0981427
0.0936745
0.0878543
0.0834003
0.0819534
0.0834805
0.0865173
0.0890504
0.0895575
0.0877048
0.0844077
0.0812894
0.0798531
0.0807926
0.083755
0.0876114
0.091032
0.0930433
0.0933145
0.0921086
0.0900086
0.087609
0.0853259
0.0833791
0.0818918
0.080985
0.0807743
0.0812776
0.082342
0.083689
0.0850724
0.0864361
0.0879481
0.0898605
0.0922461
0.0947459
0.0965037
0.0964189
0.0936822
0.0883498
0.0816149
0.075542
0.0723038
0.0732242
0.0780771
0.085023
0.0912997
0.0944064
0.0932437
0.0886534
0.0830742
0.0794394
0.0798016
0.0843269
0.0911672
0.097307
0.0999828
0.0979679
0.092104
0.0848581
0.0791466
0.0769868
0.0786102
0.0824676
0.0861227
0.0875589
0.0861951
0.0830867
0.0802601
0.079582
0.0817728
0.0860558
0.090604
0.0935333
0.0939036
0.0921745
0.0898606
0.0885883
0.0890991
0.0907787
0.0919915
0.0910452
0.0872575
0.0815279
0.0760631
0.073341
0.0748155
0.0800479
0.0867767
0.0919533
0.0932436
0.0902241
0.0846545
0.0796688
0.0782552
0.0817456
0.0890723
0.0972055
0.102589
0.102851
0.0979135
0.0899673
0.082364
0.0779892
0.077907
0.0809312
0.0843477
0.0854309
0.0829594
0.0779226
0.0730492
0.0714158
0.0748515
0.0829331
0.0930715
0.101659
0.105723
0.104266
0.098634
0.0917527
0.0866425
0.0849604
0.0862776
0.0884355
0.0887851
0.0856745
0.0794173
0.0722505
0.0673051
0.067109
0.072348
0.0814751
0.0913441
0.0985639
0.100946
0.0983848
0.0928053
0.0872231
0.0843828
0.0855816
0.0901759
0.0959325
0.100019
0.100172
0.0955714
0.0870983
0.0769634
0.0679099
0.062341
0.061661
0.0659815
0.0741996
0.0843657
0.0942169
0.101731
0.105575
0.105369
0.101733
0.0961013
0.0903031
0.0859899
0.084088
0.0844868
0.0860981
0.0872852
0.0865282
0.0831034
0.0775102
0.0714371
0.0672314
0.0670524
0.0720196
0.0816645
0.0938883
0.105479
0.113064
0.1142
0.108242
0.0966664
0.0827336
0.0705417
0.0637397
0.0642915
0.0717343
0.0832528
0.0946143
0.101671
0.101905
0.0954328
0.085047
0.0751926
0.0702013
0.0724606
0.0813019
0.0931397
0.102882
0.106067
0.100842
0.0889117
0.0749943
0.0649256
0.0631862
0.0709158
0.085324
0.100799
0.111246
0.112645
0.104695
0.090843
0.0766943
0.067533
0.0660916
0.0715828
0.0803891
0.0880069
0.0912613
0.0897221
0.085677
0.0827296
0.0837617
0.0893046
0.0971536
0.103419
0.104481
0.0988571
0.0880561
0.075973
0.0671383
0.0646817
0.0690094
0.0778063
0.0872965
0.0940823
0.0966322
0.0957045
0.0935557
0.0924176
0.0931053
0.0945305
0.0943853
0.0906131
0.082859
0.0730885
0.064983
0.0623434
0.0672557
0.0789296
0.0938073
0.106926
0.113912
0.112693
0.104184
0.0916951
0.0794323
0.0708226
0.0674336
0.0688586
0.0734427
0.0793305
0.0852417
0.0906238
0.0952459
0.0986453
0.0999089
0.0980232
0.0926238
0.0846666
0.0765161
0.0712228
0.0712139
0.0770091
0.086669
0.0963789
0.102015
0.101013
0.093651
0.0830901
0.074071
0.0708019
0.0750061
0.0850563
0.096628
0.10458
0.105206
0.0978464
0.0851637
0.0719966
0.0633153
0.0622041
0.0687467
0.0802446
0.0925587
0.101867
0.106025
0.105015
0.100455
0.0945593
0.0891152
0.0849155
0.0818256
0.0793056
0.0770141
0.075124
0.074217
0.0748976
0.077418
0.0815337
0.0866232
0.0919358
0.0967856
0.100579
0.102706
0.102455
0.0991351
0.092473
0.0831171
0.072916
0.0646649
0.0612587
0.0645304
0.0742906
0.0880671
0.101768
0.111082
0.113088
0.107381
0.0962306
0.0836414
0.0737273
0.0691191
0.0701121
0.0748856
0.0806029
0.0848038
0.0864292
0.0860487
0.085279
0.0857606
0.0882439
0.092239
0.0963535
0.0990699
0.0994845
0.0976042
0.0940982
0.0897475
0.0849909
0.0798617
0.0743447
0.0689103
0.0648353
0.0639807
0.0679851
0.077229
0.0901666
0.103497
0.113225
0.116186
0.111377
0.100479
0.0872649
0.0761071
0.0702146
0.0704447
0.0752266
0.081561
0.0865355
0.088603
0.0880411
0.0864325
0.0855039
0.0860056
0.0872914
0.0878351
0.086353
0.0828452
0.0789122
0.0770961
0.0795257
0.0865651
0.0962386
0.104847
0.108566
0.105283
0.0957551
0.0834591
0.0731163
0.0685456
0.0708853
0.0780878
0.0859549
0.0902152
0.0886418
0.0821939
0.0746107
0.0706005
0.0734761
0.083403
0.097147
0.109448
0.115352
0.112421
0.101809
0.087738
0.0755838
0.0694826
0.0705866
0.0767783
0.08391
0.0879057
0.0867096
0.081197
0.0746673
0.0711929
0.0736241
0.0821865
0.0942969
0.105631
0.111934
0.110763
0.102445
0.0898697
0.0772848
0.0686589
0.0663002
0.0702306
0.078439
0.0878015
0.0952489
0.0987401
0.0977424
0.093151
0.0867914
0.0807482
0.0767442
0.0757193
0.0776761
0.0817871
0.0867053
0.0909883
0.0935259
0.0938596
0.0922901
0.0897258
0.0873106
0.0859713
0.0860641
0.0872653
0.0887442
0.0895323
0.0889297
0.0867834
0.0835411
0.0800743
0.0773601
0.0761649
0.0768579
0.0793929
0.0833976
0.0882717
0.0932453
0.097428
0.0999152
0.0999898
0.0973849
0.0925001
0.0864272
0.0806955
0.0767721
0.0755115
0.0768145
0.0796886
0.0827144
0.0847217
0.0853546
0.0852264
0.0855466
0.0873744
0.0908798
0.0950383
0.0979832
0.097895
0.0939994
0.0871554
0.0796846
0.0744527
0.0735845
0.0774114
0.0841987
0.0908578
0.094364
0.0932105
0.0881707
0.081965
0.0779658
0.0785461
0.0838669
0.0917054
0.0984482
0.100799
0.0973813
0.0894405
0.0803002
0.0738211
0.0726075
0.0768171
0.0841426
0.0909712
0.094152
0.0925032
0.0873203
0.0816526
0.0787289
0.080326
0.0858922
0.0928444
0.0978711
0.0985704
0.0946037
0.0878091
0.0812449
0.0776621
0.0781762
0.0818036
0.0860835
0.0884439
0.0875817
0.0841357
0.080319
0.0787222
0.0809107
0.0865296
0.0933779
0.0984345
0.0993358
0.095558
0.0886976
0.0817107
0.077504
0.0775882
0.0814423
0.0868686
0.0911268
0.092271
0.090031
0.0858215
0.0819141
0.0802268
0.081366
0.0844015
0.0874621
0.0888103
0.0878152
0.0853036
0.0830973
0.0829844
0.0856808
0.0903482
0.0949397
0.0972027
0.0958251
0.0911357
0.0849954
0.0799199
0.0778599
0.0792499
0.0828146
0.0862486
0.0874382
0.0856071
0.0817913
0.0783758
0.0778895
0.0816418
0.0888896
0.0969873
0.1025
0.102777
0.0972562
0.0878675
0.0783181
0.0725311
0.0729083
0.0792089
0.088586
0.0968003
0.100078
0.0967716
0.0880974
0.0776235
0.0697461
0.0678032
0.0726483
0.0823144
0.0929111
0.100334
0.102008
0.097899
0.0903933
0.0831396
0.0793879
0.0805653
0.0857203
0.092063
0.0963163
0.0962254
0.0915342
0.0840187
0.0766191
0.0721083
0.0719163
0.0756294
0.0813574
0.0867474
0.090126
0.0912001
0.0909856
0.0910372
0.0924176
0.0949772
0.0973356
0.0975836
0.094353
0.0877064
0.07938
0.0722056
0.0689301
0.0709662
0.0776705
0.0865235
0.094167
0.0978421
0.0965689
0.0915199
0.0854175
0.0812459
0.0808861
0.0842956
0.089585
0.0939311
0.094896
0.0915584
0.0849546
0.0776476
0.0726403
0.0721296
0.0766423
0.0848841
0.0943027
0.102064
0.106002
0.105181
0.0999416
0.0915634
0.0817941
0.0724644
0.0652613
0.061599
0.0624716
0.0682146
0.078218
0.0907587
0.103165
0.112408
0.11601
0.112921
0.104001
0.0918294
0.0798719
0.0712783
0.0677924
0.0692293
0.0737486
0.0787945
0.0822716
0.0834265
0.0830529
0.0829476
0.08488
0.0895596
0.0961018
0.102261
0.105348
0.103428
0.0962655
0.0856159
0.0747152
0.0671606
0.0655972
0.0707081
0.0808944
0.0927734
0.102319
0.106236
0.103095
0.0938295
0.0814629
0.0701395
0.0637656
0.0646821
0.0728117
0.0856073
0.0988689
0.108172
0.110419
0.104957
0.093863
0.0812252
0.0716519
0.0685199
0.0726616
0.0820407
0.092572
0.0997623
0.100521
0.094411
0.0838215
0.0729846
0.0662439
0.0663246
0.0733306
0.0848427
0.0969987
0.106038
0.109636
0.107505
0.10109
0.0926381
0.0841889
0.0769804
0.0714723
0.0678095
0.0663234
0.0676812
0.0725396
0.0808912
0.0915287
0.102035
0.109451
0.11139
0.10711
0.0979737
0.0870049
0.0776716
0.0724521
0.0718878
0.0745865
0.0781503
0.0805297
0.0810991
0.080891
0.0818613
0.0855755
0.0920421
0.0993676
0.104488
0.104653
0.0989342
0.0889432
0.0783261
0.0711757
0.0701229
0.0750779
0.0832906
0.0907165
0.094006
0.0921311
0.0868409
0.0816932
0.0801216
0.0835194
0.0903693
0.0969277
0.09915
0.09488
0.0851741
0.074046
0.0666836
0.0669523
0.0754131
0.088884
0.101829
0.108924
0.107534
0.0989074
0.0874914
0.0787007
0.0762165
0.0801486
0.0870137
0.091587
0.0897202
0.0807042
0.0679665
0.0577013
0.056028
0.0659845
0.0857822
0.109198
0.127986
0.13525
0.128257
0.1095
0.0855853
0.0645085
0.0525289
0.051962
0.0607619
0.0739168
0.0858702
0.0927982
0.093786
0.090579
0.086262
0.0836318
0.0840391
0.0871328
0.091442
0.0953278
0.0977358
0.0984027
0.0975553
0.0954314
0.092011
0.0871571
0.0810639
0.0746726
0.0696787
0.0679794
0.0707615
0.0777072
0.0868022
0.0949538
0.0992142
0.0980776
0.0922416
0.0844229
0.0782456
0.076662
0.0806288
0.0886587
0.0974615
0.103375
0.103939
0.0989084
0.0902774
0.0813227
0.0751209
0.0732451
0.0752318
0.0790211
0.0821043
0.0828052
0.081094
0.0785632
0.0775898
0.0800895
0.0864692
0.0952775
0.103707
0.108716
0.108271
0.102207
0.0923237
0.0816969
0.0734968
0.06982
0.0710113
0.0757119
0.081559
0.0862175
0.088304
0.0878248
0.0859759
0.0844429
0.0845514
0.086646
0.0899492
0.0929493
0.0941423
0.0927864
0.0893027
0.0851164
0.082015
0.0813247
0.0832828
0.0868978
0.0903842
0.0919996
0.0908973
0.0875623
0.0835956
0.0809336
0.0808753
0.0833869
0.0870366
0.0896367
0.0893298
0.0856159
0.0797982
0.0745725
0.0728843
0.0765411
0.0852233
0.0963956
0.106217
0.111079
0.109084
0.100831
0.0891472
0.077916
0.0705056
0.0684925
0.0712337
0.0764388
0.0814103
0.0843141
0.0848777
0.0842382
0.0841035
0.0857083
0.0891165
0.0932137
0.0963563
0.0972918
0.0958282
0.0928839
0.0899079
0.0880151
0.0873428
0.0870086
0.0857039
0.0826007
0.078056
0.0736812
0.071663
0.0736301
0.0796478
0.0879159
0.0954095
0.0992121
0.0979033
0.0923118
0.0852289
0.0801689
0.0797241
0.0842882
0.0917799
0.0985454
0.101042
0.0975188
0.0888991
0.0784369
0.0703045
0.0677521
0.0716816
0.0802786
0.0898584
0.0965212
0.097852
0.0938956
0.0869964
0.0806276
0.0777861
0.0796938
0.085358
0.0921339
0.0969774
0.0978035
0.094346
0.0881747
0.0819183
0.0780876
0.0780306
0.0814479
0.0866155
0.0911656
0.0930705
0.0914309
0.0867863
0.0808689
0.0759364
0.0739471
0.0758724
0.0813669
0.0888864
0.0961946
0.101088
0.102112
0.099031
0.0929177
0.0857813
0.0798635
0.0768302
0.0771753
0.080086
0.0838394
0.0865747
0.0871138
0.0854757
0.082848
0.0810175
0.0815044
0.0847901
0.0900042
0.0952372
0.0983551
0.0979533
0.0940034
0.0878846
0.0817842
0.0777564
0.0768895
0.0789531
0.0826478
0.086288
0.0885664
0.0890457
0.0881801
0.0869096
0.086085
0.0860499
0.086588
0.0872112
0.0875578
0.0876312
0.0877346
0.0881649
0.0888827
0.0893962
0.0889787
0.0871327
0.0840399
0.0806934
0.0785531
0.0788404
0.0818292
0.0865451
0.0910935
0.0935076
0.0927211
0.0891717
0.0846912
0.081674
0.0818924
0.0855475
0.0910643
0.0957743
0.0971768
0.0941694
0.0876388
0.0800993
0.0745263
0.0729544
0.07555
0.0806384
0.0856546
0.0885017
0.0886068
0.0871349
0.0862571
0.0878451
0.0922813
0.0980374
0.102299
0.102356
0.0970536
0.0875681
0.0770515
0.0692865
0.0669716
0.0704834
0.0777437
0.0852656
0.0898583
0.0901511
0.0871942
0.083845
0.0832318
0.0870484
0.0945385
0.102692
0.107578
0.106173
0.097845
0.0847948
0.0712638
0.0618514
0.0596985
0.0653323
0.0766191
0.0897404
0.100682
0.106587
0.10649
0.101254
0.0929029
0.0837648
0.0758169
0.0704229
0.0683698
0.0699801
0.0751193
0.0830835
0.0924974
0.101403
0.107646
0.109499
0.106289
0.0987256
0.0887434
0.0788722
0.0713803
0.0675633
0.0674734
0.0701681
0.0742987
0.0787242
0.0828791
0.0867737
0.0906895
0.0947634
0.0987016
0.101789
0.103173
0.102243
0.0988879
0.093535
0.0870098
0.0803261
0.0745047
0.0704495
0.0688539
0.0700815
0.0740087
0.079899
0.0864408
0.0920388
0.0953223
0.0956892
0.0936316
0.0906208
0.0884975
0.0885791
0.0909128
0.0941096
0.0959261
0.0943702
0.0888197
0.0805907
0.0726073
0.0682202
0.0696603
0.0768672
0.0873172
0.097001
0.102131
0.100794
0.0937763
0.0841755
0.0759779
0.0722739
0.0739831
0.0796915
0.0866228
0.0921694
0.0951409
0.0960663
0.0964343
0.0973631
0.0985394
0.0981299
0.0938214
0.0844772
0.0714793
0.058883
0.0520473
0.0552129
0.0691625
0.0902209
0.111285
0.12458
0.124967
0.112298
0.0916781
0.0714143
0.0594557
0.0599358
0.0714271
0.0877448
0.100907
0.104844
0.0981173
0.0844433
0.0707975
0.064053
0.0677534
0.0805441
0.0969355
0.109933
0.114212
0.108345
0.0951328
0.0800244
0.0685205
0.0638684
0.0660942
0.0726597
0.080191
0.0862625
0.0903053
0.0932742
0.0964233
0.100039
0.10296
0.103173
0.099126
0.0909241
0.0806816
0.0717575
0.0672172
0.0683161
0.0738513
0.0807971
0.0859353
0.0875983
0.086542
0.08543
0.0871757
0.0930332
0.101503
0.108725
0.11027
0.103484
0.0892005
0.0718635
0.0578732
0.0528368
0.059007
0.0741549
0.0924594
0.107011
0.112754
0.10851
0.0971936
0.0842354
0.0750103
0.0725271
0.0764076
0.0835208
0.0898229
0.0924049
0.0907314
0.08654
0.0826016
0.0811125
0.0826094
0.085928
0.0891002
0.0905909
0.0901409
0.0887635
0.0879461
0.0885657
0.0901986
0.0912742
0.0900213
0.0856661
0.0791714
0.0730404
0.0702238
0.0726567
0.0801802
0.0904271
0.0997769
0.104927
0.104304
0.0986302
0.0904068
0.0826476
0.077548
0.075744
0.0764543
0.0783095
0.0803268
0.0824362
0.085261
0.0893195
0.0942052
0.0983452
0.0995994
0.0964416
0.0890659
0.0797341
0.0720411
0.0693424
0.0730869
0.0819277
0.0921551
0.0993308
0.100368
0.0950335
0.0861102
0.0780966
0.075045
0.0785807
0.0870814
0.0964392
0.102039
0.100979
0.0934431
0.0825675
0.0729155
0.0683342
0.0702573
0.07724
0.0858762
0.092561
0.0951737
0.0938526
0.0905478
0.0877041
0.0868625
0.0879499
0.0895754
0.0900725
0.0886264
0.0858225
0.0832918
0.0826636
0.0844576
0.0876206
0.0900462
0.0898165
0.0864439
0.0813584
0.0772921
0.0768218
0.0808316
0.0877664
0.0941916
0.0964891
0.0928654
0.0845966
0.0757512
0.0713779
0.0749591
0.0863944
0.101607
0.114107
0.117857
0.11012
0.0929361
0.0724648
0.0564372
0.0508113
0.0571754
0.0721297
0.0889442
0.100676
0.103257
0.097128
0.0867525
0.0783056
0.0766632
0.0831102
0.0948348
0.106389
0.112326
0.109688
0.0992113
0.0848021
0.0716582
0.0639797
0.0633207
0.0682878
0.075614
0.0819584
0.0854603
0.086311
0.0861991
0.087074
0.0899516
0.0943607
0.0986496
0.100919
0.100056
0.0963035
0.0911012
0.0862978
0.0832093
0.0820325
0.0819096
0.0815624
0.0801094
0.0776146
0.0750928
0.073995
0.0754576
0.0796998
0.0858633
0.0923552
0.0974994
0.100168
0.100104
0.0978436
0.0943372
0.090498
0.0869121
0.0838136
0.0812679
0.0793834
0.0783876
0.0785301
0.0798988
0.0822792
0.0851386
0.0877594
0.089482
0.0899568
0.0892754
0.0879029
0.0864599
0.085484
0.0852798
0.0858741
0.0870391
0.088364
0.0893727
0.0896745
0.0891008
0.0877841
0.0861494
0.0848034
0.0843152
0.0849358
0.0863775
0.0878167
0.0882035
0.0867933
0.0836509
0.0798419
0.0771385
0.0772872
0.081121
0.0879344
0.0954968
0.100828
0.101484
0.0967678
0.0882656
0.079335
0.0737115
0.0738141
0.0795438
0.0881878
0.0955672
0.097965
0.0939522
0.0852088
0.0758735
0.070651
0.072535
0.0812491
0.0932077
0.103079
0.106249
0.101017
0.0894752
0.0766266
0.0681166
0.067625
0.0751527
0.0870442
0.0977508
0.10248
0.099437
0.0905819
0.0805699
0.0744205
0.0750667
0.0819761
0.0914949
0.0987135
0.0999072
0.0943456
0.0845966
0.0752129
0.0704888
0.0724171
0.0798478
0.0892064
0.0963356
0.0984919
0.0955087
0.0896131
0.0840751
0.0814494
0.082342
0.0853159
0.087919
0.0882139
0.0859408
0.08267
0.0808639
0.0823793
0.0872608
0.0935206
0.0980579
0.0982423
0.0933319
0.0849789
0.0765322
0.0714554
0.0716498
0.0765536
0.0835063
0.0891849
0.0913495
0.0899785
0.0872063
0.0860949
0.0888522
0.0954116
0.103143
0.107919
0.106081
0.0963551
0.0807829
0.0641798
0.0523224
0.0496429
0.0574318
0.0733138
0.0921965
0.108239
0.116979
0.116753
0.108915
0.0969331
0.0848706
0.0759408
0.0716642
0.0718153
0.0750012
0.0794915
0.0838956
0.0874499
0.0899294
0.0913867
0.0919372
0.0916842
0.0907444
0.0892876
0.0875363
0.0857175
0.0840016
0.0824771
0.0812029
0.0803115
0.0800703
0.0808116
0.0827383
0.0857229
0.0892428
0.0925213
0.0948219
0.0957479
0.0953808
0.0941667
0.0925945
0.0908515
0.088674
0.0855228
0.0810328
0.0755031
0.0701221
0.066717
0.0670565
0.0720021
0.0809304
0.091751
0.10157
0.107745
0.108867
0.105242
0.098635
0.0914183
0.0855331
0.0817783
0.0797423
0.0783599
0.076757
0.0749058
0.0737197
0.0745242
0.0781936
0.0844452
0.091705
0.0976526
0.100194
0.0983948
0.0929344
0.0858444
0.0796653
0.0764199
0.0768969
0.0805506
0.0859705
0.0915881
0.0962186
0.0992077
0.100226
0.098966
0.0950508
0.0883
0.0792511
0.0695698
0.0619446
0.0592845
0.0634604
0.0741825
0.0886619
0.102382
0.110772
0.111103
0.103757
0.0922175
0.0816747
0.0767604
0.0794207
0.0879423
0.0976602
0.10307
0.100396
0.089434
0.0738242
0.0595917
0.0525899
0.0559791
0.0688784
0.0867788
0.103483
0.113644
0.114776
0.107904
0.0967125
0.0857043
0.0782786
0.0756077
0.0767103
0.0795058
0.0821711
0.0840478
0.0856704
0.0880115
0.0914696
0.0952449
0.0975084
0.0963084
0.0907391
0.0817306
0.0719831
0.0649924
0.0635842
0.0686564
0.0787422
0.0906066
0.100581
0.106014
0.106202
0.102422
0.0971099
0.0926095
0.0900946
0.089181
0.0883522
0.0859265
0.0810552
0.0742856
0.0674578
0.0630013
0.0629448
0.0680666
0.0775407
0.0891975
0.100246
0.108144
0.111316
0.109515
0.103768
0.0959604
0.0882106
0.0822364
0.0788996
0.0780446
0.0786696
0.0793893
0.0790578
0.0773281
0.0748986
0.0732953
0.0742345
0.0788065
0.0868152
0.0965806
0.105352
0.11024
0.109324
0.102482
0.0915568
0.0797679
0.0705883
0.0665384
0.0683663
0.0749193
0.0837142
0.0919169
0.0972948
0.098781
0.0965252
0.0915611
0.085345
0.0793877
0.075056
0.073467
0.0753341
0.0806948
0.088617
0.0971186
0.103527
0.105314
0.101161
0.0917879
0.0800622
0.0701597
0.0659801
0.0694326
0.0793896
0.0918967
0.101688
0.104434
0.0987331
0.0868996
0.0741055
0.0661752
0.0669897
0.0766777
0.0914496
0.105196
0.112151
0.109412
0.0981768
0.0831298
0.0703051
0.064419
0.0669113
0.0755715
0.0858551
0.0931843
0.0950795
0.0920997
0.0872155
0.0840296
0.0848027
0.0892904
0.0949461
0.0983418
0.0970402
0.0909312
0.0823444
0.0748988
0.071709
0.0738802
0.0800465
0.0871494
0.0920201
0.0929328
0.0903404
0.08645
0.0839076
0.0843211
0.0874139
0.0912456
0.0933539
0.0921746
0.0879667
0.082737
0.0792024
0.0793339
0.0832557
0.0891001
0.0939178
0.0951791
0.0920741
0.0859337
0.0795607
0.0758308
0.0762813
0.0803968
0.085947
0.0901966
0.0913493
0.0894555
0.0863008
0.0843509
0.0853397
0.0892615
0.0942962
0.0977091
0.0972755
0.0925044
0.0850182
0.0778474
0.073968
0.0748222
0.0795938
0.0856188
0.0897264
0.0898409
0.0860554
0.0806426
0.076969
0.0778111
0.0838851
0.0933278
0.102415
0.107194
0.105276
0.0969679
0.0852344
0.0744962
0.0687764
0.0699989
0.0771911
0.0869366
0.0948593
0.0974822
0.0936733
0.0850975
0.0755146
0.0692258
0.0693079
0.0763539
0.0882108
0.100795
0.109637
0.111557
0.105831
0.0944333
0.0812641
0.0706967
0.0659861
0.0681481
0.0757084
0.0853922
0.0934646
0.0971801
0.0957651
0.090558
0.0842928
0.0798592
0.0790755
0.0819883
0.08698
0.0916011
0.0937239
0.0924784
0.0885625
0.0838298
0.0803851
0.0796318
0.0817109
0.0855708
0.0895854
0.0923642
0.0933214
0.0927366
0.0913438
0.0897428
0.0880097
0.0857444
0.0825271
0.0784936
0.0746355
0.072562
0.0737628
0.0787301
0.0864307
0.0944921
0.100113
0.101319
0.0979569
0.0918802
0.0861404
0.0835186
0.0850982
0.0896276
0.0940496
0.094994
0.0905385
0.0813757
0.0707663
0.0632059
0.0623659
0.0692864
0.0817407
0.0951337
0.104525
0.106811
0.102041
0.0932725
0.0850484
0.0811994
0.0830296
0.0887715
0.0945858
0.0965918
0.0928846
0.0845315
0.0750758
0.0688153
0.0687043
0.0749009
0.08467
0.0936949
0.0981385
0.0964339
0.0899358
0.0821643
0.0770653
0.0771553
0.0824291
0.0905027
0.097854
0.101505
0.100311
0.0952684
0.088787
0.0833724
0.080439
0.0798267
0.0801987
0.0800254
0.0785753
0.0763737
0.0749098
0.075795
0.0798474
0.0865878
0.0943824
0.101118
0.105038
0.105321
0.10217
0.0964761
0.0893445
0.0817804
0.0746783
0.0689995
0.065885
0.0664797
0.0714394
0.0803414
0.0913743
0.101623
0.107981
0.108348
0.102575
0.0926449
0.0819556
0.0739787
0.0708874
0.0727789
0.0778497
0.0834236
0.0873056
0.088768
0.0886746
0.088722
0.0902477
0.093283
0.0963901
0.0973961
0.0946488
0.0881153
0.0796994
0.0725451
0.0696276
0.0723189
0.0796551
0.0886976
0.0958427
0.0984502
0.0960037
0.0902461
0.0842504
0.08091
0.0815923
0.0855917
0.0906022
0.0939241
0.093769
0.0900224
0.0841473
0.0783853
0.0747336
0.0742136
0.0767188
0.0813895
0.0871907
0.0932901
0.099018
0.103529
0.105559
0.103632
0.0967761
0.0853954
0.0717826
0.0598137
0.0537342
0.056422
0.0679032
0.0849375
0.102045
0.11363
0.116266
0.110099
0.0986937
0.087347
0.0806203
0.0802315
0.0843675
0.0887812
0.0891401
0.0834391
0.0732562
0.0631917
0.058709
0.063389
0.0769444
0.0950279
0.110996
0.118817
0.115738
0.103475
0.0873856
0.0740372
0.068304
0.071353
0.0804205
0.0904073
0.0964295
0.0960536
0.0901813
0.0822702
0.0763886
0.0751432
0.0785223
0.0841792
0.0889035
0.0904169
0.0885193
0.0850236
0.0825906
0.0831526
0.0868024
0.0917545
0.0953841
0.0957477
0.0927204
0.0881053
0.0846396
0.0844257
0.0876348
0.0922128
0.0948134
0.0925437
0.0846466
0.0732298
0.0626005
0.0574613
0.0607953
0.0724406
0.0890256
0.105296
0.116211
0.118862
0.113384
0.102551
0.0903422
0.0802306
0.073993
0.0715144
0.0715108
0.0726397
0.0743375
0.0769493
0.0811548
0.0870935
0.093765
0.0991348
0.100977
0.0980447
0.0909202
0.0820505
0.0748543
0.0722827
0.0754901
0.0832449
0.0923919
0.0991862
0.100915
0.0970648
0.0895162
0.0816752
0.0769542
0.0772782
0.0822689
0.0894447
0.0953195
0.096906
0.0929824
0.0846113
0.0747329
0.0670259
0.0645121
0.0684488
0.077915
0.0901986
0.101787
0.109551
0.111701
0.108198
0.100581
0.0912972
0.0828375
0.0769523
0.0742156
0.0740614
0.0752414
0.076488
0.0771023
0.0772323
0.0777437
0.0797431
0.0839508
0.0902027
0.0973174
0.103413
0.106555
0.10548
0.10011
0.0916553
0.0822579
0.0743087
0.0696997
0.0692925
0.0727693
0.0788568
0.0857881
0.0918166
0.0956289
0.096572
0.0946968
0.0906768
0.0856598
0.0810593
0.0782612
0.0782447
0.0812043
0.0863314
0.091924
0.095885
0.0964968
0.0931868
0.0869345
0.0800709
0.0754595
0.0753295
0.0802346
0.0886215
0.0972752
0.102533
0.101799
0.0947129
0.0834562
0.0720033
0.0645999
0.06408
0.0707351
0.0822197
0.0945235
0.103572
0.10676
0.103787
0.0965145
0.0879909
0.0811337
0.0776528
0.0776381
0.0799034
0.0828184
0.0851578
0.0865428
0.0873185
0.0880336
0.0888893
0.0895008
0.0891172
0.0871759
0.0838545
0.0802548
0.0780452
0.0786904
0.0826444
0.0889292
0.0953554
0.0993601
0.099128
0.0944823
0.0870865
0.0798177
0.0755723
0.0760294
0.0808939
0.087951
0.0939526
0.0960092
0.0928956
0.085661
0.0772519
0.0713139
0.0706908
0.076224
0.0863249
0.0975044
0.105684
0.107775
0.102893
0.0927152
0.0808555
0.0714983
0.0678113
0.0707557
0.078773
0.0884686
0.0959959
0.098576
0.0955615
0.0886396
0.0810853
0.0763549
0.076613
0.081826
0.0897968
0.0971008
0.100522
0.0984143
0.0914212
0.08222
0.0743799
0.0708501
0.0727724
0.0791171
0.0872282
0.0939867
0.0970928
0.0959426
0.0917351
0.0867798
0.0833601
0.0827244
0.08467
0.0878406
0.0904957
0.0913381
0.0900227
0.0871574
0.0838592
0.0811391
0.0794702
0.0787675
0.0787358
0.0793004
0.0807945
0.083749
0.088397
0.0941979
0.0997152
0.103016
0.10248
0.0976497
0.0896522
0.0809327
0.07434
0.0719464
0.074135
0.0794142
0.0851037
0.0886035
0.0886228
0.08575
0.0820911
0.0801729
0.0816574
0.0864751
0.0928034
0.0979255
0.0995664
0.0970249
0.0915063
0.085491
0.081488
0.0808179
0.0830265
0.0862028
0.0880381
0.0870911
0.083598
0.0793834
0.0768983
0.077884
0.0823698
0.0885417
0.0935767
0.095038
0.0921392
0.0862416
0.0803067
0.0775339
0.0798112
0.0867276
0.0956457
0.102826
0.105077
0.10116
0.092323
0.0817431
0.073156
0.0692886
0.070787
0.076104
0.0823543
0.0866942
0.0875719
0.0853094
0.0818201
0.0796538
0.0808212
0.0859109
0.0938382
0.102271
0.108495
0.11035
0.106917
0.0987531
0.0876581
0.076113
0.0666053
0.0610458
0.0603838
0.0644538
0.0720653
0.0813295
0.0901621
0.0968265
0.100357
0.100738
0.0987851
0.0957702
0.0929096
0.0909162
0.0898029
0.0890178
0.0878325
0.0857844
0.082961
0.0800016
0.0778283
0.077239
0.0785462
0.0814186
0.0849807
0.0881153
0.0898404
0.0896239
0.0875564
0.0843573
0.0812266
0.0795605
0.0805617
0.0848051
0.0918695
0.100186
0.107256
0.110304
0.107244
0.0976461
0.083272
0.0678498
0.056015
0.0517086
0.0566144
0.0693195
0.0856676
0.100275
0.108627
0.108849
0.102372
0.0931709
0.0858827
0.0836348
0.0866007
0.0920046
0.0956137
0.0939978
0.0864377
0.0755108
0.06602
0.0627223
0.0679306
0.0801829
0.0947064
0.105528
0.10824
0.102089
0.0903455
0.0787562
0.072781
0.0749548
0.0836675
0.0939821
0.100103
0.0982911
0.0888012
0.0758866
0.0658291
0.0639209
0.0718673
0.0868924
0.102979
0.113607
0.114648
0.106065
0.0916877
0.0772536
0.0677365
0.0652761
0.0686826
0.0746343
0.0797945
0.0826447
0.0840597
0.0863793
0.0915656
0.0995427
0.107722
0.112071
0.109202
0.0984052
0.082477
0.0668368
0.0572468
0.0572097
0.0663349
0.0805198
0.0938789
0.101466
0.101446
0.0956796
0.0884835
0.0842411
0.0851091
0.0899882
0.095265
0.0968927
0.0926961
0.0836832
0.0736746
0.0674253
0.0681958
0.0760338
0.0876727
0.098107
0.103027
0.100864
0.0934363
0.0848934
0.0795383
0.0796366
0.0843363
0.0902378
0.0932971
0.0910554
0.0840294
0.0755457
0.0700957
0.0710437
0.0788556
0.0907514
0.101954
0.107895
0.106283
0.098052
0.0867838
0.0769574
0.0719016
0.0724485
0.076894
0.0821873
0.08565
0.0863056
0.0851699
0.0844418
0.0860953
0.0906418
0.0967081
0.101633
0.102761
0.0987599
0.0903122
0.0798714
0.0706543
0.0653923
0.065406
0.0703488
0.0786007
0.0880052
0.0965497
0.102732
0.105604
0.104691
0.100002
0.092206
0.0828218
0.0741548
0.0687825
0.0686497
0.0741365
0.0835982
0.093729
0.10072
0.101782
0.096388
0.0866451
0.0765476
0.0703496
0.0707422
0.0776643
0.0883131
0.0983486
0.103739
0.102428
0.0951225
0.0848995
0.075847
0.0713733
0.0729219
0.0795946
0.0887202
0.0970103
0.101762
0.101654
0.0969229
0.0890083
0.0799582
0.0718828
0.066592
0.0653629
0.0687301
0.0762868
0.0865999
0.0973797
0.105985
0.110194
0.109004
0.103084
0.0945861
0.0862949
0.0804621
0.0778827
0.0776805
0.07793
0.0768289
0.0738406
0.0701913
0.0683936
0.070954
0.0788907
0.0908538
0.103378
0.112236
0.11428
0.108897
0.098352
0.0868167
0.0784975
0.0757458
0.0780651
0.0825291
0.085415
0.0842233
0.0790429
0.0725569
0.0686804
0.0705093
0.0786048
0.0904944
0.101683
0.10772
0.106309
0.0984138
0.0878068
0.0792726
0.0763474
0.0796803
0.0868106
0.093469
0.0957591
0.0921313
0.0841638
0.0757708
0.0712456
0.0731156
0.080853
0.0910592
0.0990272
0.100939
0.0956662
0.0853377
0.0744218
0.0677578
0.0684499
0.0765721
0.0892208
0.101804
0.109921
0.111003
0.105094
0.0945531
0.0829382
0.0736055
0.0686305
0.0684178
0.0719977
0.0776956
0.0837924
0.088938
0.092289
0.0934796
0.0925618
0.0899925
0.0866382
0.0836898
0.0823887
0.0835849
0.0872945
0.0924921
0.0973131
0.0996647
0.0980532
0.092289
0.0837416
0.0749795
0.0688921
0.067622
0.0717278
0.0799144
0.0894501
0.0971257
0.100405
0.0983431
0.0919451
0.0838172
0.0772306
0.0749152
0.0780211
0.0856366
0.0950547
0.102708
0.105457
0.10179
0.0924832
0.0804454
0.069727
0.0640355
0.0653185
0.0729883
0.0841268
0.0946175
0.10077
0.10078
0.0954037
0.0875535
0.0809659
0.0785401
0.0810865
0.087049
0.0933158
0.0967237
0.0955437
0.0902555
0.0832573
0.0776656
0.0757976
0.0780872
0.0829751
0.0878106
0.0902723
0.0895524
0.0866904
0.0839087
0.083323
0.0857189
0.0900518
0.0939564
0.0950254
0.0921886
0.0864297
0.0804032
0.0770994
0.0782439
0.0832941
0.0896047
0.0937289
0.0932215
0.0880237
0.0806787
0.0751874
0.0750076
0.0811837
0.0915883
0.101729
0.106789
0.103936
0.0937734
0.0802034
0.0687256
0.0639518
0.0675317
0.0774799
0.0892053
0.0977103
0.099884
0.0958064
0.0884777
0.0821533
0.0801528
0.0832617
0.0895127
0.0953792
0.0976779
0.0951615
0.0890197
0.0821072
0.0773717
0.0763343
0.0784327
0.0815556
0.0834381
0.0830971
0.0814584
0.0807944
0.0832764
0.0894708
0.0976583
0.104418
0.106235
0.101348
0.0908716
0.0785713
0.0692903
0.0667404
0.0717279
0.081722
0.0920157
0.097934
0.097025
0.0901857
0.0811846
0.0748125
0.0745511
0.0808887
0.0910848
0.100465
0.1046
0.101324
0.0916998
0.0795099
0.0695856
0.0657529
0.0693249
0.0787494
0.0904546
0.100405
0.105637
0.105142
0.0998549
0.091917
0.0836868
0.0769688
0.0727109
0.0711234
0.0719894
0.0749181
0.0794244
0.0848747
0.0904446
0.0952085
0.0983669
0.0994937
0.0986502
0.0962893
0.0929981
0.0892306
0.0852019
0.0810262
0.0770092
0.0738633
0.0726226
0.0742134
0.078878
0.0857774
0.0930464
0.0983695
0.099889
0.0970491
0.0909422
0.0839223
0.0786211
0.076829
0.0787797
0.0831671
0.0878657
0.0909913
0.0917743
0.0907987
0.0894873
0.0891325
0.0900427
0.0913012
0.0912789
0.0886282
0.0832241
0.0765281
0.0711133
0.0695174
0.0729788
0.08072
0.0901766
0.0980788
0.101862
0.100735
0.0959164
0.0899364
0.0853833
0.0837187
0.0847501
0.0869665
0.0884813
0.0880433
0.0856005
0.082174
0.0791832
0.0776515
0.0777697
0.0790412
0.0808527
0.0830383
0.0860128
0.0903361
0.0959542
0.101628
0.105042
0.103729
0.0964433
0.0842696
0.0707719
0.060906
0.0590231
0.0668095
0.0821748
0.0997614
0.112999
0.11684
0.109913
0.0951116
0.078315
0.0658262
0.0616799
0.0660523
0.0755069
0.0849265
0.0901487
0.0899714
0.0865363
0.0839387
0.0858182
0.0931991
0.103701
0.112531
0.114767
0.107813
0.0928511
0.0745377
0.0590854
0.0515995
0.0539579
0.0642315
0.077837
0.0897522
0.096673
0.0981369
0.0962093
0.0940221
0.0939716
0.0965018
0.100044
0.102042
0.100425
0.0947162
0.0862474
0.0774555
0.0707217
0.0673925
0.067468
0.0700212
0.073992
0.0788123
0.084479
0.0910739
0.0981004
0.104143
0.107182
0.10549
0.0986882
0.0883291
0.077611
0.0702126
0.0687425
0.0735462
0.0824906
0.0918665
0.0979913
0.0987596
0.0944362
0.0873582
0.0807218
0.0770602
0.0771668
0.0799794
0.0834111
0.085605
0.0859157
0.0851322
0.0848951
0.0866534
0.0907271
0.0959781
0.100279
0.101534
0.098689
0.0922289
0.083932
0.0760933
0.0706325
0.0685157
0.0696974
0.0734907
0.0790457
0.0856092
0.092451
0.098619
0.102834
0.103755
0.100599
0.0938032
0.0852799
0.077934
0.0745067
0.0762504
0.082141
0.0891329
0.0934589
0.092437
0.0859358
0.0767241
0.0693924
0.0682384
0.07509
0.0881715
0.102646
0.112653
0.11391
0.10568
0.0911476
0.076018
0.0659689
0.0641659
0.0700336
0.0798397
0.0887374
0.0931929
0.092569
0.0890984
0.0863242
0.0868946
0.0909368
0.0959121
0.0980421
0.0945476
0.0854928
0.0741981
0.0658866
0.0651493
0.0734921
0.0882691
0.103631
0.113087
0.112459
0.101837
0.0855945
0.0704432
0.0624141
0.0641796
0.073995
0.0867361
0.0964638
0.0992206
0.0947221
0.0862064
0.078625
0.0761321
0.0801228
0.0887349
0.0979527
0.103652
0.103519
0.0979193
0.089406
0.0812364
0.0757557
0.0735031
0.0734387
0.0740331
0.0744867
0.0753144
0.0779458
0.0835932
0.0920862
0.101419
0.108378
0.109995
0.105107
0.0951595
0.0837571
0.075106
0.0720695
0.0748242
0.0808231
0.086123
0.0874348
0.0838696
0.0774838
0.0723014
0.0722541
0.0790532
0.0910773
0.103873
0.112074
0.111846
0.102721
0.0879485
0.0731886
0.0641108
0.0639864
0.0723609
0.0853743
0.0975251
0.104036
0.102766
0.094887
0.0841178
0.0749719
0.070842
0.0727575
0.0792649
0.0873395
0.0938065
0.0966038
0.0953916
0.0913683
0.0865152
0.0826943
0.0810013
0.0815749
0.0838191
0.0868144
0.0896845
0.0917847
0.0927252
0.0923235
0.0905786
0.0876995
0.0841546
0.0806649
0.0780753
0.077109
0.0781024
0.0808532
0.0846604
0.0885391
0.0915251
0.0929635
0.0926865
0.0910279
0.0886844
0.0864922
0.085199
0.0852701
0.0867385
0.0891317
0.0915314
0.0928076
0.0919924
0.0886846
0.0833318
0.0772481
0.0722897
0.0702479
0.072165
0.0778547
0.0858576
0.0938969
0.0996862
0.101768
0.100017
0.0955773
0.0902919
0.085906
0.0834285
0.0828984
0.0835979
0.0845555
0.0850641
0.0849492
0.0844675
0.0839492
0.0834646
0.0827714
0.0815923
0.0800316
0.0788253
0.0791832
0.0822068
0.0881273
0.0957861
0.102747
0.106147
0.103988
0.0962606
0.0852939
0.0750245
0.0694108
0.0706545
0.0780679
0.0881885
0.0961983
0.098074
0.0925075
0.0816835
0.0704795
0.0643684
0.0669254
0.0780783
0.0939498
0.10842
0.115728
0.112957
0.101285
0.0854666
0.0717845
0.0653713
0.0680896
0.0778886
0.0898772
0.0985664
0.100248
0.0944746
0.0840698
0.073741
0.0679754
0.0691666
0.0767678
0.0877488
0.098025
0.104141
0.104491
0.0996534
0.0918515
0.0838998
0.078136
0.0757583
0.0767203
0.0800691
0.0844659
0.0886376
0.0916298
0.0928768
0.0921957
0.0897927
0.0862765
0.0825915
0.0798023
0.0787615
0.0797851
0.0824895
0.0858959
0.0888112
0.0903468
0.0903251
0.0893443
0.0884458
0.0885585
0.0899991
0.0922614
0.0941831
0.0944294
0.0920972
0.0871724
0.0806188
0.0740634
0.0692496
0.0675195
0.069502
0.0750364
0.0832594
0.0927754
0.101863
0.108721
0.111755
0.109931
0.103138
0.0924402
0.0800534
0.0689046
0.0618212
0.0606049
0.0653715
0.0744739
0.0850796
0.0941847
0.09965
0.100841
0.0986248
0.0947722
0.0910616
0.0885286
0.0871949
0.0863547
0.0852103
0.083469
0.0815625
0.0803717
0.0806415
0.0824508
0.0850714
0.0873151
0.0881808
0.0874364
0.0857933
0.0845423
0.0848165
0.0868797
0.0898652
0.092164
0.0922984
0.0898195
0.0857134
0.0820324
0.0808766
0.0832228
0.0882291
0.0934491
0.0959291
0.0937009
0.0869261
0.078072
0.0709371
0.0689179
0.0733336
0.082658
0.093099
0.100299
0.101366
0.0962558
0.0878381
0.0805571
0.0782986
0.0824611
0.0911824
0.100133
0.104524
0.101361
0.0909005
0.0766102
0.0637072
0.0569422
0.05865
0.0679283
0.081263
0.0942205
0.103335
0.107281
0.106864
0.104008
0.100399
0.0965848
0.0919667
0.0856486
0.0775746
0.0692264
0.0633575
0.0627931
0.0688837
0.0804626
0.0939402
0.104605
0.108584
0.104561
0.0944258
0.082495
0.0736263
0.0710863
0.0751814
0.0832944
0.0912811
0.0955187
0.0945995
0.0898633
0.0845463
0.082009
0.0839497
0.0895032
0.0956671
0.0988281
0.0966145
0.0891466
0.0790619
0.0703041
0.0662826
0.0683132
0.0751018
0.0835016
0.0901374
0.0930682
0.0926474
0.0911485
0.0913589
0.0948806
0.101032
0.106944
0.108837
0.103895
0.0918521
0.0755106
0.0598699
0.050198
0.0498863
0.0590545
0.0745243
0.091142
0.103848
0.10959
0.108284
0.102445
0.0957262
0.0911189
0.0896619
0.0902383
0.0904559
0.088123
0.082586
0.075273
0.0691462
0.0672996
0.0713836
0.0806416
0.0920373
0.101419
0.105217
0.101962
0.0929517
0.0817677
0.072797
0.0694256
0.0727013
0.0810231
0.090928
0.0985837
0.101347
0.0987438
0.0924837
0.0855443
0.0807877
0.0797544
0.0821485
0.0861729
0.0894885
0.0903246
0.0882315
0.0841633
0.0799143
0.0772401
0.0771049
0.0793866
0.0831153
0.0870596
0.0903208
0.092621
0.0941704
0.0952519
0.095823
0.0954036
0.0933403
0.0893138
0.0837954
0.0781434
0.0741934
0.0734774
0.0764544
0.0821678
0.0885501
0.0932683
0.0947336
0.0927948
0.0887659
0.0847471
0.0825632
0.08286
0.0848384
0.0867748
0.0870639
0.0852344
0.0823799
0.0807157
0.0824133
0.0882617
0.0968644
0.104878
0.108313
0.104376
0.0929856
0.077224
0.062379
0.0539183
0.0552239
0.0660847
0.0826528
0.098935
0.109209
0.110329
0.102944
0.0910986
0.0804142
0.0756367
0.0786192
0.0876089
0.098113
0.104914
0.104332
0.0957693
0.0819358
0.0677152
0.058188
0.056664
0.0635248
0.0762847
0.0907288
0.102559
0.108856
0.108838
0.103745
0.0960355
0.0883038
0.0824037
0.0790607
0.0780172
0.078507
0.0797596
0.0813059
0.0830099
0.0849034
0.0869682
0.0889996
0.0906128
0.0913792
0.0910162
0.0895342
0.0872692
0.0847876
0.082712
0.0815379
0.0815038
0.0825432
0.0843307
0.0864017
0.0883053
0.0897314
0.0905668
0.0908672
0.0907631
0.0903438
0.0895745
0.088305
0.0863944
0.0839047
0.081244
0.079139
0.0784002
0.0795653
0.0825903
0.086745
0.0907921
0.0934172
0.0937594
0.0918101
0.0884642
0.085154
0.083213
0.0832764
0.0850092
0.0872925
0.0887821
0.0885799
0.0866933
0.0840448
0.0820104
0.0817201
0.0834816
0.0866215
0.0898167
0.0917443
0.0917223
0.09001
0.087605
0.0856433
0.0847466
0.0846977
0.0846437
0.0837166
0.0817169
0.0794436
0.0784257
0.0801253
0.0850001
0.09195
0.0985272
0.101916
0.100274
0.0937816
0.0848177
0.0770739
0.0739287
0.0768208
0.084414
0.0930204
0.0981738
0.0966929
0.0882964
0.0759782
0.0648911
0.0601734
0.0646736
0.0776009
0.0947281
0.11007
0.118303
0.116863
0.106842
0.0923549
0.0787221
0.0703008
0.0688935
0.0733588
0.0804868
0.0866268
0.0892657
0.0878723
0.0837652
0.0792351
0.0764345
0.0765527
0.0795706
0.084576
0.0903426
0.0957992
0.100175
0.102876
0.103341
0.101077
0.0959295
0.088442
0.0800355
0.0727952
0.0688092
0.0692925
0.0739348
0.0808704
0.0873733
0.0910012
0.0906717
0.0871664
0.0828002
0.0803614
0.0817849
0.0871837
0.0947186
0.101386
0.10435
0.102206
0.0955896
0.0868797
0.0791374
0.0747883
0.0746569
0.0777753
0.0819988
0.0850858
0.0857192
0.0840181
0.0813421
0.0795295
0.0799673
0.0829586
0.0876629
0.0925679
0.0962002
0.0977157
0.0971255
0.0951075
0.0925467
0.0900669
0.0877953
0.0854536
0.0826878
0.0794361
0.0761442
0.0737167
0.0732054
0.075359
0.0802303
0.0870183
0.0942056
0.099937
0.102535
0.101037
0.0955965
0.0875862
0.0792968
0.0732717
0.071476
0.0745692
0.0815624
0.0900526
0.0970446
0.100094
0.0983054
0.0927233
0.0859031
0.080798
0.0794135
0.081832
0.0861082
0.0891751
0.0884031
0.0830858
0.0750975
0.0683104
0.0669277
0.0734269
0.0870798
0.103827
0.117689
0.123152
0.117516
0.102143
0.0820633
0.0640459
0.0539278
0.054359
0.063944
0.0781232
0.0913107
0.0992472
0.100514
0.0966328
0.0908795
0.0864937
0.0851875
0.0866259
0.0890213
0.0904064
0.0898185
0.087732
0.0855515
0.084555
0.0849909
0.0859025
0.0857915
0.0837176
0.0801637
0.0770881
0.0770046
0.0814939
0.0899609
0.0994281
0.105645
0.105068
0.0967671
0.0832497
0.0696989
0.0618188
0.0632291
0.07366
0.0888975
0.10259
0.109098
0.106053
0.0954095
0.0824894
0.0734241
0.072214
0.0788353
0.0893315
0.0978307
0.0994839
0.0929016
0.0809233
0.0693338
0.0641044
0.0684783
0.0813289
0.0975974
0.110565
0.114837
0.108661
0.0945733
0.0781609
0.0655637
0.0608976
0.0647753
0.0745149
0.0857602
0.0945869
0.0990494
0.0995203
0.0978429
0.0959025
0.0944606
0.0928842
0.0898441
0.0844986
0.0774208
0.0706931
0.0670629
0.0685765
0.0754154
0.0855821
0.0956451
0.102195
0.103306
0.0992945
0.092454
0.0859003
0.0821208
0.0819255
0.0842846
0.0870653
0.088226
0.0868374
0.0834484
0.0796917
0.0774025
0.0777336
0.080698
0.0853107
0.0901679
0.0940971
0.0965154
0.0973525
0.0966854
0.0944122
0.0902563
0.0841487
0.076745
0.0696894
0.0653346
0.0659134
0.0724833
0.0841538
0.0980431
0.110099
0.116515
0.115157
0.106402
0.0930015
0.0790172
0.0682839
0.0630706
0.0635076
0.0679559
0.0740349
0.0797561
0.0842422
0.0877711
0.0912163
0.0952334
0.0996464
0.103373
0.10492
0.103155
0.0979383
0.0902973
0.0820731
0.0752386
0.071206
0.0704281
0.0724293
0.0761746
0.0805348
0.0846204
0.0878985
0.0901422
0.0913216
0.0915306
0.090987
0.0900721
0.0893095
0.0891954
0.0899115
0.0911002
0.0919128
0.0913876
0.0889936
0.0850456
0.0807424
0.0777572
0.0775097
0.0804199
0.0855183
0.0906894
0.0935292
0.0924559
0.0875295
0.0805602
0.0744209
0.0718515
0.0742764
0.0811641
0.0902419
0.0984774
0.103367
0.103914
0.100843
0.0960134
0.0913577
0.0879159
0.0854504
0.08283
0.0789623
0.0737422
0.0684576
0.0653775
0.0666814
0.0732552
0.0839722
0.095869
0.105208
0.108989
0.106224
0.0983899
0.0888077
0.0812265
0.0782459
0.0802907
0.0855744
0.0910256
0.0937201
0.0921701
0.0869105
0.080153
0.0747039
0.0726781
0.0746229
0.0794285
0.084993
0.0892567
0.0910967
0.0906921
0.089246
0.0882455
0.0886519
0.0904299
0.092635
0.0939824
0.0935718
0.0913818
0.0882813
0.085559
0.0842185
0.0844092
0.0852997
0.0854828
0.0837332
0.0797552
0.0745414
0.0701276
0.0688084
0.072139
0.0801649
0.0912265
0.102441
0.110679
0.11366
0.110724
0.102985
0.0928013
0.0828383
0.0751421
0.070617
0.0690605
0.0696384
0.0715058
0.0742548
0.0779741
0.0829127
0.088959
0.0952732
0.100353
0.102573
0.100967
0.0958404
0.088874
0.0825652
0.0792043
0.0798216
0.0836317
0.0883054
0.0910148
0.0898032
0.0846385
0.077619
0.0721636
0.0714793
0.0769708
0.0873444
0.0988996
0.106973
0.107946
0.100926
0.0883192
0.0749576
0.066126
0.0653114
0.0726883
0.0850312
0.0971073
0.103938
0.102927
0.0949317
0.0837959
0.0745859
0.0713185
0.0752208
0.0842939
0.0943306
0.100863
0.101126
0.0951744
0.0857056
0.0767499
0.0718574
0.072623
0.0781873
0.0858619
0.092483
0.0957932
0.0952241
0.0918208
0.0874875
0.0840134
0.0823613
0.0825013
0.0837581
0.0853771
0.0869377
0.0883861
0.0897424
0.0907597
0.0908464
0.0893725
0.0861964
0.0820606
0.078532
0.0774049
0.079797
0.0853859
0.0922341
0.0974159
0.0982677
0.0937239
0.0850649
0.0756207
0.0694642
0.0696378
0.0767162
0.0883911
0.100313
0.107864
0.108098
0.100986
0.0893936
0.0778301
0.070518
0.0696662
0.074687
0.0826653
0.0898071
0.0931652
0.0918456
0.087192
0.0819508
0.0788823
0.0794946
0.0834686
0.0889822
0.0937075
0.0959416
0.0953119
0.0927531
0.089844
0.0878993
0.0872955
0.0873603
0.0868518
0.0847557
0.0809733
0.0765423
0.0732697
0.0729366
0.0764326
0.0832209
0.0914025
0.0983817
0.101854
0.100696
0.0953954
0.0878813
0.0808358
0.0767258
0.0768995
0.0810777
0.0874555
0.0933897
0.0964129
0.0951869
0.090042
0.0828976
0.0765616
0.0736404
0.0754621
0.0814594
0.0892992
0.0957531
0.0979954
0.0948204
0.0872675
0.0783423
0.0718819
0.0709929
0.0767077
0.0874419
0.0995104
0.108517
0.111061
0.106052
0.0951051
0.0818538
0.0705205
0.0643514
0.0645568
0.0701325
0.0785435
0.086892
0.093014
0.0960418
0.0962895
0.0946785
0.0921163
0.0891705
0.086133
0.0833104
0.0812588
0.0807299
0.0823034
0.0859061
0.0905518
0.0945556
0.0962155
0.094653
0.0903556
0.0850673
0.0810007
0.0797175
0.0812531
0.0839941
0.0854646
0.0837042
0.0785522
0.0721181
0.0680622
0.0699109
0.0791711
0.0941927
0.110428
0.122088
0.124521
0.116266
0.0998196
0.0807158
0.0652715
0.0580003
0.0598642
0.0681494
0.0779826
0.0847269
0.0861028
0.0830446
0.0789425
0.077716
0.0817152
0.0904929
0.101017
0.109166
0.111721
0.10785
0.0993637
0.0896648
0.0820029
0.0779563
0.0769203
0.0768156
0.0755808
0.0726033
0.069267
0.0682735
0.072067
0.0812218
0.0936965
0.105419
0.11197
0.110594
0.101561
0.0882204
0.0756639
0.0685746
0.0692698
0.0768302
0.0876783
0.097265
0.102031
0.100752
0.0947306
0.0868513
0.0800755
0.0761533
0.0751567
0.0759437
0.0771573
0.0781339
0.0792233
0.0814013
0.0854501
0.0912158
0.0974006
0.102045
0.103453
0.101053
0.0957083
0.0892928
0.083779
0.0803247
0.078854
0.0783381
0.077598
0.0761673
0.0747152
0.0747589
0.0777766
0.0841867
0.0927691
0.100907
0.1056
0.104791
0.0983787
0.0884242
0.0784112
0.0718686
0.0709471
0.0755791
0.0835806
0.0916193
0.0965966
0.0968549
0.0927368
0.0863137
0.0804472
0.0776037
0.0789123
0.0838031
0.0902869
0.0957057
0.097673
0.0949199
0.0878043
0.0783273
0.0696275
0.0650559
0.0670582
0.0761775
0.0905375
0.106105
0.1178
0.121187
0.114176
0.0980705
0.0774575
0.0588226
0.048287
0.0493083
0.0613082
0.0798587
0.0984027
0.110814
0.113734
0.107708
0.0966415
0.0858468
0.0795871
0.079279
0.083164
0.0875256
0.0887847
0.0854174
0.078763
0.0723379
0.0700026
0.0739097
0.0832924
0.0947278
0.103739
0.106914
0.103466
0.0954821
0.0867679
0.0809065
0.0795195
0.0816161
0.0843434
0.0847208
0.0814182
0.0756206
0.0705036
0.0695814
0.0747821
0.0852608
0.0975911
0.107271
0.110795
0.107253
0.0986438
0.0887913
0.0814252
0.0784296
0.0791366
0.0809989
0.0812508
0.0786409
0.0742731
0.0710711
0.0721318
0.0788517
0.0898481
0.101297
0.108587
0.108507
0.100871
0.088758
0.07717
0.070757
0.0716999
0.0787919
0.0881529
0.0952013
0.0968879
0.0930799
0.0864226
0.0807961
0.0791965
0.0821603
0.0875394
0.0917267
0.091678
0.0866712
0.0788677
0.0723436
0.0710441
0.0766879
0.0877036
0.0997769
0.107781
0.10817
0.100685
0.0885409
0.0769703
0.0708204
0.0723247
0.0801254
0.0899936
0.0968778
0.0972832
0.0908683
0.0805456
0.0710861
0.0669102
0.0701043
0.0795645
0.0916057
0.101675
0.106314
0.104481
0.0977008
0.0891093
0.0819275
0.078124
0.0778487
0.0798003
0.082213
0.0838764
0.084653
0.0852862
0.0866889
0.0891673
0.0920381
0.0938643
0.0931957
0.0894252
0.083304
0.0768126
0.0724111
0.0720038
0.0761062
0.0835976
0.0921599
0.0991884
0.102768
0.102304
0.0985576
0.0931362
0.087714
0.0833876
0.0804367
0.0785228
0.0771456
0.0760916
0.0756417
0.0764264
0.078992
0.0833229
0.0886211
0.0935119
0.096592
0.0970441
0.0950197
0.0916074
0.0883793
0.0866837
0.0869926
0.0886319
0.0900658
0.0896405
0.0864545
0.0809504
0.0749261
0.0708976
0.0710324
0.0761034
0.0849587
0.0947949
0.102169
0.104358
0.100501
0.0920461
0.0822527
0.0749009
0.0727373
0.0763295
0.0838494
0.0918903
0.0969657
0.0970339
0.092371
0.0853877
0.079462
0.0773363
0.0798412
0.0855456
0.0914808
0.0945849
0.0931874
0.0878311
0.0810256
0.0760339
0.0752828
0.0791859
0.0859573
0.0924979
0.0959126
0.0949252
0.0904937
0.085304
0.0823722
0.0834543
0.0880873
0.0937606
0.0971386
0.0957364
0.0892364
0.079802
0.071198
0.067099
0.0693825
0.0772407
0.0875435
0.0962662
0.10029
0.098736
0.0932296
0.0870045
0.0832828
0.0837236
0.0876866
0.0926416
0.0954804
0.0940684
0.0882965
0.0801655
0.0728888
0.0694504
0.0712936
0.0777394
0.0863635
0.0940972
0.0984992
0.098632
0.0952254
0.0901538
0.0855423
0.0829194
0.082757
0.0845137
0.0870556
0.0891817
0.0900117
0.0891497
0.0866823
0.083118
0.0793132
0.0763621
0.0754012
0.0773005
0.0822819
0.0896004
0.097492
0.103551
0.105511
0.102163
0.0940015
0.0832565
0.0732326
0.0671505
0.0669395
0.0724833
0.0816589
0.0911662
0.0977984
0.0996246
0.0966199
0.0905258
0.084039
0.0796934
0.0789144
0.0816115
0.0864056
0.0912953
0.0944378
0.0947517
0.0921864
0.0876344
0.0825749
0.078599
0.0769618
0.0782502
0.0821929
0.0876414
0.0927799
0.095612
0.0946619
0.0896687
0.0819615
0.0742545
0.0698068
0.0711737
0.0790169
0.0915165
0.104749
0.114007
0.115585
0.108314
0.0941551
0.0775638
0.0638315
0.0570716
0.058705
0.0670942
0.0784654
0.0886544
0.0948453
0.0965166
0.0952296
0.0934646
0.0931469
0.0946262
0.096608
0.0970273
0.094358
0.0886297
0.0815926
0.0759261
0.073895
0.0761598
0.0813886
0.0868981
0.0900002
0.0893533
0.0856217
0.0811081
0.078547
0.0796657
0.084258
0.0902685
0.0948645
0.0959314
0.0931909
0.0883521
0.0842205
0.0832274
0.0861264
0.0915283
0.0965347
0.0981738
0.0949121
0.0874633
0.0784838
0.0713192
0.0684475
0.0703979
0.0756662
0.0816312
0.0859629
0.087774
0.0879178
0.0883085
0.0906634
0.0953659
0.101081
0.105341
0.105811
0.101541
0.093535
0.0843
0.0766116
0.0721717
0.0708935
0.0712131
0.0712486
0.07016
0.0689197
0.0699889
0.0759566
0.0877857
0.103615
0.11888
0.127884
0.126217
0.11293
0.0914135
0.0684594
0.0517663
0.0468921
0.0549793
0.0722911
0.0917854
0.106029
0.110181
0.103799
0.0907423
0.0772949
0.0693471
0.0699143
0.078059
0.0896097
0.0992294
0.102827
0.0992474
0.0905633
0.0809532
0.0747357
0.0744838
0.0800336
0.088745
0.096791
0.100833
0.0993419
0.0930458
0.0844187
0.076535
0.0718468
0.0713843
0.0746204
0.079942
0.0854446
0.0896844
0.092089
0.0929149
0.0928682
0.0926334
0.0925439
0.0924965
0.0920874
0.0908673
0.0886001
0.0854288
0.0818881
0.078762
0.0768411
0.0766758
0.078413
0.0817568
0.0860413
0.0903801
0.0938594
0.0957371
0.0955967
0.0934178
0.0895621
0.0847118
0.0797918
0.0758662
0.0739796
0.074929
0.0790022
0.0857576
0.0939484
0.101676
0.106801
0.107534
0.103058
0.0939485
0.0821954
0.070728
0.0625474
0.0597713
0.0629672
0.0710274
0.0816107
0.0919603
0.099787
0.103897
0.104336
0.102056
0.098309
0.0941174
0.0900346
0.0862343
0.0827808
0.079869
0.0778676
0.0771228
0.0776552
0.0789929
0.0803262
0.0809627
0.080831
0.0807123
0.0819857
0.0859174
0.0927828
0.101278
0.108631
0.111526
0.107539
0.0964516
0.0807971
0.0652738
0.0551377
0.0541653
0.0630318
0.0788571
0.0961985
0.109129
0.113531
0.10863
0.0971402
0.0839881
0.0742085
0.0709141
0.0742009
0.081419
0.088616
0.0924355
0.0915797
0.087204
0.0821507
0.0794622
0.0808981
0.0861316
0.0929541
0.0983407
0.0998345
0.0965991
0.0896936
0.0815275
0.0748181
0.0715477
0.0723548
0.0765418
0.0825766
0.0887656
0.0937709
0.0968184
0.0976438
0.0963387
0.0932456
0.0889574
0.0843528
0.0805297
0.0785406
0.0789773
0.0816093
0.0853179
0.0884517
0.0895142
0.0878999
0.0843148
0.0806139
0.0790429
0.0811801
0.0870643
0.0949488
0.101853
0.104727
0.101752
0.0932201
0.0815758
0.0705746
0.0638847
0.0637108
0.0700004
0.0805319
0.091815
0.100401
0.10407
0.102453
0.0969129
0.0898313
0.0836228
0.079908
0.0791285
0.0806754
0.0833671
0.0860051
0.087782
0.0884424
0.0882069
0.0875316
0.0868234
0.0862466
0.0857037
0.0849722
0.0838969
0.0825442
0.0812674
0.0806611
0.0813897
0.0839084
0.088165
0.0934221
0.0983256
0.101257
0.10089
0.0967648
0.0896322
0.0813667
0.074397
0.0708279
0.0715987
0.0760558
0.0821677
0.087348
0.0895698
0.0882916
0.0847526
0.0814548
0.0810123
0.0848659
0.0924574
0.10128
0.10783
0.109072
0.103775
0.0931203
0.0803143
0.069351
0.0634534
0.0638614
0.0694881
0.0775733
0.084997
0.0896161
0.0910113
0.0903594
0.0895774
0.0902065
0.0925909
0.0957402
0.0979162
0.0976135
0.0943935
0.0891379
0.083617
0.0796353
0.0782002
0.0791128
0.0811693
0.082861
0.083206
0.0822617
0.0810377
0.080875
0.0826531
0.0862621
0.090606
0.0941184
0.0955198
0.0944318
0.091535
0.0881928
0.0857471
0.084869
0.0853095
0.0861644
0.0864807
0.0858468
0.0846268
0.0837073
0.0838996
0.085346
0.087293
0.0884106
0.0875275
0.0844
0.0800699
0.0765595
0.075989
0.0795086
0.0865671
0.0949251
0.101494
0.103668
0.100529
0.0933234
0.0849581
0.078728
0.0768555
0.0795004
0.0847077
0.0893469
0.0906279
0.0874771
0.0811067
0.0744933
0.0710083
0.0728283
0.079869
0.089747
0.0988032
0.103712
0.102921
0.0972798
0.0895835
0.0832732
0.0808674
0.082841
0.0874709
0.0917198
0.0927198
0.0891474
0.0818724
0.0736196
0.0678122
0.0671009
0.072223
0.0816994
0.0924826
0.101216
0.105516
0.104739
0.0999822
0.0933989
0.087184
0.082722
0.0802621
0.0791973
0.0786996
0.0783265
0.0782885
0.0792641
0.0818764
0.086121
0.0910921
0.0952182
0.0969297
0.0954212
0.0911094
0.0855451
0.0807988
0.0785812
0.0794906
0.0827509
0.0865937
0.0891241
0.0892596
0.0872766
0.0846812
0.0834401
0.0849242
0.0890818
0.0942767
0.097919
0.0976368
0.0924658
0.0835082
0.073714
0.066806
0.0657582
0.0714862
0.0823528
0.094739
0.104437
0.10827
0.10526
0.0968983
0.0864257
0.0774622
0.0725883
0.0725049
0.0760946
0.0812483
0.0859675
0.0891827
0.0909402
0.0919584
0.0928714
0.0936312
0.0934458
0.0913136
0.0868505
0.0808952
0.0754688
0.0729983
0.0751219
0.0816693
0.0904033
0.0977816
0.100488
0.097045
0.0887139
0.0791585
0.0729288
0.0733783
0.0809674
0.0927927
0.103662
0.108316
0.103828
0.0911
0.0747194
0.0611604
0.0560646
0.0617872
0.0763272
0.0941436
0.108496
0.114256
0.10996
0.0982399
0.0844939
0.0744217
0.0715398
0.0757958
0.0838761
0.0909943
0.0932589
0.0894936
0.0817019
0.0740305
0.0707624
0.0742854
0.0839586
0.0963715
0.106829
0.111338
0.108193
0.0985007
0.0855446
0.073372
0.0652811
0.0628343
0.0657167
0.0723357
0.0807232
0.0892394
0.0967902
0.102623
0.10601
0.106162
0.102497
0.0951461
0.085357
0.0754613
0.0682635
0.0660264
0.0694894
0.077414
0.086948
0.0947205
0.0982082
0.0967538
0.0917625
0.0859894
0.0822499
0.0821479
0.0853976
0.09004
0.0934399
0.0935797
0.0900278
0.0841266
0.0783439
0.0751267
0.0758146
0.0801081
0.0863049
0.092145
0.0958192
0.096644
0.0951108
0.0923654
0.0894604
0.0868101
0.0841315
0.0808832
0.0769328
0.0730384
0.0707965
0.0719937
0.0776426
0.0872035
0.0984349
0.108019
0.112739
0.110731
0.102289
0.0898544
0.0771769
0.0679368
0.0644209
0.0668004
0.0732911
0.0810563
0.0874128
0.0908223
0.0913009
0.0901346
0.0890762
0.0894125
0.0913394
0.0939202
0.0956044
0.0950255
0.091697
0.0863117
0.0805309
0.0763586
0.0753524
0.0779881
0.083429
0.0897856
0.0947676
0.0964909
0.0941534
0.0883467
0.0808924
0.0742634
0.0707819
0.0718501
0.0774539
0.0861082
0.0952957
0.102288
0.105069
0.103022
0.0971007
0.0894501
0.082616
0.0786294
0.078285
0.0808784
0.0845299
0.0869914
0.0866115
0.0830508
0.0774584
0.0720607
0.069342
0.0711261
0.0778881
0.0885282
0.100663
0.111304
0.117669
0.117897
0.111511
0.0995359
0.084302
0.068966
0.0568602
0.0507608
0.0521879
0.060897
0.0747664
0.0902403
0.103299
0.110688
0.110975
0.105035
0.0957303
0.0868294
0.081543
0.0812352
0.0848954
0.089653
0.0921488
0.0901565
0.0837114
0.0752182
0.0684517
0.0668618
0.0719249
0.0823171
0.0943511
0.103526
0.106488
0.102494
0.0936814
0.0840521
0.0776194
0.0765915
0.0804397
0.0863055
0.0905482
0.0906537
0.0865389
0.0805935
0.0764415
0.0770306
0.082998
0.0921465
0.100346
0.103477
0.0994834
0.0895188
0.0775749
0.0687288
0.0668179
0.0726517
0.0836267
0.0949413
0.101831
0.101755
0.0955
0.0866635
0.0798042
0.0781561
0.0820463
0.0887922
0.0941204
0.0944013
0.0885979
0.07896
0.070082
0.0667347
0.071506
0.0834074
0.0981377
0.109886
0.113838
0.108253
0.0952035
0.079661
0.0673624
0.0624313
0.0658323
0.0752902
0.0865723
0.095422
0.0992367
0.0978116
0.0929663
0.0873803
0.0832834
0.0816387
0.0821203
0.0837304
0.085576
0.0873136
0.0890504
0.0908673
0.0923696
0.0926438
0.0907235
0.0863231
0.0803876
0.0750425
0.0728165
0.0754162
0.0826537
0.0921558
0.100142
0.103013
0.099051
0.0894023
0.0778269
0.0692228
0.0675159
0.0738578
0.0859899
0.0991202
0.107946
0.108914
0.101719
0.0893796
0.0768731
0.0689547
0.0681365
0.0737441
0.0824466
0.0899518
0.0930302
0.0909226
0.0855212
0.0803026
0.0785603
0.0817896
0.0889788
0.0971138
0.10261
0.102973
0.0979005
0.0893658
0.0806724
0.0749667
0.0738995
0.0770355
0.0822307
0.0867401
0.0884985
0.0869934
0.0833794
0.0798486
0.0785818
0.0807588
0.0860504
0.0927777
0.0986237
0.101555
0.100564
0.0959632
0.0891884
0.0822327
0.0769658
0.0745807
0.0753328
0.0785966
0.083161
0.0876359
0.090847
0.0921215
0.091403
0.0891858
0.0863141
0.0837141
0.0821327
0.0819433
0.0830772
0.0850998
0.0873977
0.0893912
0.0906883
0.0911396
0.0908027
0.0898611
0.0885535
0.0871425
0.0859027
0.0850792
0.0848022
0.0849992
0.0853742
0.0854901
0.0849403
0.083564
0.0816237
0.0798317
0.0791371
0.0803076
0.0834911
0.0880078
0.092526
0.0955834
0.09624
0.0945524
0.0916076
0.0890353
0.0881818
0.0893415
0.0914608
0.0925274
0.0905338
0.0846007
0.0757133
0.0666394
0.0609522
0.0615187
0.0691326
0.0819586
0.0961118
0.107166
0.111938
0.109738
0.102525
0.0939037
0.0874053
0.0848753
0.0857185
0.0873914
0.086907
0.0825856
0.0751365
0.0674924
0.0634608
0.0658375
0.0748916
0.0879696
0.100475
0.10783
0.107514
0.100195
0.0893949
0.079863
0.0754445
0.0774331
0.0841437
0.091864
0.0967138
0.0965026
0.0916791
0.0849296
0.0796821
0.0783208
0.0810151
0.0857142
0.0892707
0.0891216
0.0846887
0.077789
0.0718265
0.0701612
0.0744732
0.0839236
0.0954886
0.10526
0.110082
0.108764
0.102367
0.0934942
0.0850143
0.0788942
0.0756712
0.0747069
0.0749394
0.0756453
0.0767861
0.0787879
0.0819462
0.0858952
0.0895469
0.0916034
0.0913517
0.0892449
0.0868709
0.0862349
0.0886586
0.0938547
0.0997273
0.103134
0.101345
0.0935099
0.0814022
0.0689865
0.0609208
0.0605929
0.0685592
0.0821354
0.0963882
0.106118
0.107959
0.101681
0.0901718
0.0781446
0.0701793
0.0689342
0.0742834
0.0836708
0.0934071
0.100247
0.102545
0.100565
0.0959486
0.0906978
0.0862361
0.0829751
0.0805173
0.0782527
0.0759424
0.0739676
0.0731619
0.0743642
0.0779372
0.0835016
0.090023
0.0961981
0.10091
0.103495
0.10373
0.101654
0.0974344
0.0913708
0.0840302
0.0763787
0.0697803
0.0657608
0.065543
0.0695237
0.0769696
0.0861401
0.0948249
0.101061
0.103728
0.102792
0.0991279
0.094035
0.0886994
0.0838873
0.0799717
0.0771727
0.0757625
0.0760596
0.0782105
0.0819085
0.0862596
0.0899619
0.0918136
0.0913419
0.0891852
0.0869205
0.0863176
0.0883468
0.0924572
0.0965655
0.0978805
0.0942734
0.0855779
0.0741346
0.0641767
0.0601854
0.0648794
0.0777633
0.094967
0.110549
0.118776
0.11643
0.104167
0.0863271
0.0692319
0.0586959
0.0578085
0.0659369
0.0793098
0.092809
0.102097
0.10514
0.10256
0.0968109
0.0907181
0.0861532
0.0834636
0.081823
0.0801669
0.0781024
0.076255
0.0758744
0.0779692
0.0825152
0.0882462
0.0931842
0.0956336
0.0950867
0.0925175
0.0898556
0.0888861
0.0901653
0.0925842
0.0938824
0.0918947
0.0858875
0.0772653
0.0692078
0.0653207
0.0678949
0.0766353
0.088553
0.0991617
0.104456
0.102738
0.0953993
0.0862607
0.0797526
0.078795
0.0834069
0.0907332
0.0964806
0.09707
0.0914673
0.0818047
0.0724586
0.0679912
0.0709338
0.0804964
0.0928373
0.102759
0.106019
0.101193
0.0902628
0.0776933
0.0684486
0.0658793
0.0704505
0.0798339
0.090208
0.0980563
0.101585
0.10114
0.0985342
0.0957326
0.0936654
0.0918117
0.0887514
0.0833231
0.0757012
0.0677587
0.0624625
0.0625479
0.0691091
0.0808274
0.0942689
0.105173
0.110165
0.10812
0.10057
0.0909688
0.0831525
0.0797069
0.0809717
0.0851107
0.0891435
0.0904039
0.0877422
0.0819709
0.0754224
0.0708783
0.0703784
0.074433
0.0819361
0.0907258
0.0984542
0.103346
0.104567
0.102176
0.0968388
0.0895407
0.0814618
0.0739848
0.068678
0.0670705
0.07017
0.0778877
0.0886841
0.0997308
0.107673
0.109779
0.10504
0.0947277
0.0821038
0.0713043
0.0657866
0.0669775
0.0737253
0.0828303
0.0904484
0.0937596
0.092167
0.0874879
0.0830399
0.0820238
0.0859371
0.0937507
0.102239
0.107341
0.105971
0.097497
0.0842068
0.0705224
0.0612582
0.0596718
0.0661438
0.0780396
0.090796
0.0997726
0.102094
0.0977185
0.0893103
0.0809985
0.0766007
0.0780638
0.0847484
0.0938092
0.101464
0.104579
0.101879
0.0943192
0.0845414
0.0757488
0.0704896
0.0698162
0.0731054
0.0785498
0.0840462
0.0880388
0.089953
0.0901213
0.0893698
0.0885414
0.0881673
0.0883804
0.0890359
0.0899204
0.0908972
0.0918943
0.0927594
0.0931174
0.0923827
0.0899868
0.0857389
0.0801268
0.0743641
0.0701035
0.0688919
0.0715733
0.0778781
0.0863858
0.0949159
0.101227
0.103762
0.10215
0.097261
0.0908411
0.0848672
0.0808907
0.0795866
0.0806477
0.0830233
0.0853892
0.0866559
0.0863321
0.0846316
0.0823227
0.0804144
0.0798078
0.0810174
0.0840166
0.0882295
0.0926702
0.0962013
0.0978422
0.0970417
0.0938398
0.0888807
0.0832725
0.0783211
0.0752017
0.0746551
0.0767924
0.0810634
0.0863962
0.0914744
0.0950713
0.0963499
0.0950585
0.0915931
0.0869219
0.082368
0.079266
0.0785617
0.0804785
0.0843831
0.0889299
0.0924704
0.0936249
0.0918292
0.0876377
0.0826125
0.0787783
0.0778143
0.0803075
0.0854076
0.091086
0.0949486
0.0952813
0.0918698
0.0861946
0.0808546
0.0784244
0.0802307
0.085626
0.0921504
0.0965745
0.0963883
0.0910577
0.0824448
0.074142
0.0699505
0.0721443
0.0803116
0.0913585
0.100747
0.104451
0.100763
0.0911249
0.0795787
0.0710573
0.069246
0.0749695
0.085834
0.0972859
0.104606
0.104936
0.0984316
0.0880575
0.0781493
0.072435
0.072448
0.0770366
0.0831391
0.0873934
0.0877953
0.0846286
0.0802494
0.0778484
0.079813
0.0864999
0.0960007
0.104962
0.110022
0.109178
0.102514
0.0920168
0.0806667
0.071258
0.065505
0.0637803
0.0654658
0.0695895
0.0753368
0.0821775
0.0896289
0.0969121
0.102817
0.105965
0.105392
0.101137
0.0944583
0.0874519
0.082202
0.0798613
0.0801573
0.0816067
0.0823534
0.0812188
0.0784299
0.0756207
0.0750354
0.0782744
0.085221
0.093767
0.100578
0.102596
0.098566
0.0898333
0.0799595
0.0732601
0.0728676
0.0792108
0.0896697
0.0996399
0.104565
0.102015
0.0928373
0.0808379
0.071111
0.0677638
0.0720669
0.0818819
0.0926318
0.0993778
0.0990537
0.0918411
0.0810653
0.0716809
0.0680582
0.0720801
0.0823813
0.0950212
0.105235
0.109448
0.106653
0.0985715
0.0886318
0.0803129
0.07569
0.0748225
0.0761735
0.0777442
0.07829
0.0779911
0.0782475
0.0807291
0.0862049
0.0937985
0.101105
0.105156
0.103788
0.096759
0.0860727
0.0753255
0.0683279
0.0675826
0.0732801
0.0832472
0.0938566
0.101476
0.103828
0.10071
0.0938339
0.085933
0.0795658
0.0761686
0.0757327
0.0771703
0.0790972
0.0805992
0.0816152
0.0827991
0.0849819
0.0885428
0.0930373
0.0972879
0.0998892
0.0998601
0.0971051
0.0924581
0.087294
0.0829038
0.0799508
0.0782883
0.0772371
0.0761619
0.075015
0.0745263
0.0758984
0.0801226
0.0872357
0.095916
0.103702
0.107842
0.106453
0.0994636
0.0888633
0.078083
0.0707063
0.0690388
0.0731506
0.0808414
0.0885923
0.0931268
0.0928851
0.0887234
0.08348
0.0805822
0.0823198
0.0885935
0.0967521
0.102658
0.102564
0.0949791
0.081665
0.0672228
0.0573702
0.0565935
0.0661784
0.0834945
0.102875
0.117748
0.123125
0.117445
0.103025
0.0850155
0.0693367
0.0604767
0.0600339
0.0665252
0.0764235
0.085855
0.0921474
0.0945749
0.0941077
0.0924762
0.0911272
0.0905913
0.0904857
0.0900346
0.088746
0.0868273
0.0850841
0.0843647
0.0849169
0.0860992
0.086677
0.0855652
0.0826011
0.0788889
0.0764567
0.0773142
0.0823302
0.0905109
0.0991243
0.104713
0.104579
0.098072
0.0870515
0.0752845
0.0669802
0.0650804
0.0700616
0.0797958
0.0905307
0.0985188
0.10153
0.0995725
0.0945683
0.0892148
0.0856431
0.0845127
0.0849418
0.0852472
0.0840662
0.081249
0.0780305
0.0763831
0.0778997
0.0828197
0.0897286
0.0960995
0.0994156
0.0983265
0.0932844
0.0863452
0.0802224
0.0770534
0.0774913
0.0805676
0.0843576
0.0870652
0.0879485
0.0876127
0.0875299
0.089044
0.0924029
0.096371
0.0986895
0.0971939
0.0910404
0.0814108
0.071302
0.0644209
0.0636241
0.069602
0.0804473
0.0923598
0.101198
0.104189
0.101039
0.0939875
0.0867734
0.0829487
0.0842735
0.0899087
0.0967773
0.100921
0.0992491
0.0909375
0.0779333
0.0643487
0.0549647
0.0534203
0.060819
0.0753102
0.0927697
0.108249
0.117611
0.118781
0.112223
0.100562
0.0875459
0.0767786
0.0706512
0.0698102
0.0732565
0.0789589
0.0847006
0.0888205
0.0906025
0.0902496
0.0885551
0.0864604
0.0846854
0.0835556
0.0830505
0.0830012
0.0832956
0.0839735
0.0851746
0.0869886
0.089299
0.0917136
0.093647
0.0945398
0.0941128
0.0925071
0.0902201
0.0878597
0.0858479
0.0842315
0.0827027
0.0808307
0.0784029
0.0757041
0.0735661
0.0731114
0.0752597
0.0802202
0.0872338
0.0947277
0.100841
0.104095
0.103914
0.100799
0.0960533
0.0911972
0.0873148
0.0846567
0.0826959
0.0805963
0.0778249
0.0745765
0.0717873
0.0707259
0.0723583
0.0768014
0.0831599
0.0898502
0.0952565
0.0983836
0.0991812
0.0983954
0.0970462
0.0958146
0.0946738
0.0929779
0.0899725
0.0854407
0.0800917
0.0754263
0.0730921
0.0740305
0.0778602
0.082868
0.0867043
0.0875208
0.0850037
0.0807378
0.0776168
0.078494
0.0846824
0.0950367
0.106114
0.11344
0.113393
0.10491
0.0902272
0.0742169
0.0625224
0.0592515
0.0652354
0.0776396
0.0911268
0.100091
0.101014
0.09392
0.0823168
0.0716471
0.0669489
0.0707306
0.0819492
0.0964858
0.108879
0.114541
0.111527
0.101125
0.0871433
0.0742802
0.0663238
0.0649156
0.0692939
0.0769906
0.0850543
0.0911998
0.0944193
0.0949202
0.0935925
0.0913773
0.0888717
0.0863167
0.0838689
0.0818856
0.0809692
0.0817002
0.0842221
0.0879524
0.0916367
0.0937863
0.0933383
0.0902301
0.0855679
0.0812382
0.0790967
0.0801073
0.0838492
0.0886446
0.0922806
0.0930173
0.0904252
0.0856351
0.0808474
0.0783116
0.0792577
0.0832901
0.0885417
0.0925305
0.0933374
0.0905556
0.0855483
0.0808603
0.0790373
0.0813961
0.087326
0.0944608
0.0996658
0.100412
0.0959262
0.0875863
0.0783763
0.0716276
0.0696159
0.0726461
0.0790296
0.0859477
0.0907838
0.0922985
0.0910938
0.0891509
0.0886782
0.0908438
0.0950335
0.0990237
0.100017
0.0960778
0.0872908
0.0760478
0.0662537
0.0617422
0.0646039
0.0741942
0.0872897
0.0993446
0.10632
0.106303
0.100205
0.0912202
0.0833007
0.0793715
0.0801146
0.0838598
0.0875811
0.0885006
0.0855405
0.0799247
0.0746245
0.0728943
0.076607
0.0852037
0.0957761
0.104256
0.107175
0.103203
0.0937577
0.0824058
0.07334
0.0696198
0.0719747
0.0786726
0.0864528
0.0920492
0.0935893
0.09126
0.0869923
0.0833814
0.0823919
0.0844701
0.0884567
0.0922839
0.0940479
0.092897
0.0893246
0.0848025
0.0810117
0.0790851
0.0792218
0.0808251
0.0830275
0.0852546
0.0874686
0.0899575
0.0928401
0.0956433
0.0972583
0.0963685
0.0921701
0.0850249
0.0766554
0.0696833
0.0666415
0.0688954
0.0759943
0.0857869
0.0952661
0.101763
0.103948
0.102193
0.0981468
0.0937638
0.0902926
0.0877484
0.0851388
0.081311
0.0759451
0.070118
0.0660721
0.0662345
0.0719401
0.0825001
0.0951219
0.105805
0.110876
0.108524
0.0996364
0.0875413
0.0767172
0.0710061
0.072105
0.0789756
0.0883908
0.0963356
0.0996415
0.0971816
0.0901723
0.0815148
0.0745133
0.0715469
0.0732523
0.0784921
0.0850172
0.0904594
0.0932202
0.09294
0.0904417
0.0872585
0.0849909
0.0847486
0.0868362
0.0907163
0.0951939
0.0987423
0.0999004
0.0976786
0.0919011
0.0833925
0.0739112
