0
0.0135298
0.0489539
0.0929716
0.129773
0.147599
0.143283
0.122766
0.0975653
0.0791092
0.073706
0.0803896
0.0923646
0.101067
0.100693
0.0909264
0.0766539
0.0650289
0.0616195
0.0676674
0.0797603
0.0919005
0.0987538
0.0983227
0.0926702
0.0864156
0.0839457
0.086938
0.09354
0.0995767
0.101044
0.0964749
0.0878726
0.0796883
0.0763994
0.0800038
0.0888089
0.0982071
0.103046
0.100334
0.0908313
0.0787084
0.0694605
0.0671738
0.0725378
0.0826002
0.0923773
0.0974705
0.0963055
0.0908161
0.0852496
0.0837753
0.0881802
0.0968464
0.105519
0.109459
0.105873
0.0953608
0.0816612
0.069884
0.0641553
0.06586
0.0732811
0.0827143
0.0904101
0.0943099
0.0947062
0.0935824
0.0931253
0.094316
0.0963837
0.0973722
0.0954443
0.0901632
0.0830085
0.0768074
0.0743667
0.0770325
0.0839467
0.0923855
0.0989955
0.101298
0.0987219
0.0926973
0.0858265
0.0806208
0.0784577
0.0792349
0.0817786
0.0846675
0.0869718
0.0885259
0.0896727
0.0907445
0.0916855
0.0920886
0.0916012
0.0903747
0.0891806
0.0890353
0.0905006
0.0930856
0.0951845
0.0947382
0.0903843
0.082506
0.0735334
0.067181
0.066855
0.0739409
0.0868281
0.101247
0.111899
0.114696
0.108573
0.0959959
0.0818951
0.0715282
0.0682651
0.0722966
0.0808304
0.0896262
0.0950751
0.0957794
0.0928885
0.0891342
0.0871776
0.0881679
0.0912381
0.0941366
0.0946055
0.091724
0.0864645
0.0811566
0.0781912
0.0787226
0.0821028
0.0863409
0.0892986
0.0899259
0.0888296
0.0878363
0.0887892
0.092269
0.0970098
0.10041
0.0999184
0.094566
0.0857692
0.0769072
0.0717997
0.0728124
0.0795653
0.0889655
0.0966354
0.0990563
0.0953328
0.0876568
0.0802244
0.077143
0.0803538
0.0885936
0.09794
0.10372
0.102854
0.0954252
0.0846679
0.0753984
0.0717047
0.0750381
0.0835984
0.0932706
0.0996447
0.100122
0.0950683
0.0874595
0.0812582
0.0793931
0.0823694
0.0881637
0.0933925
0.0951145
0.0923338
0.0864575
0.0805197
0.0776167
0.0793621
0.0851176
0.0923478
0.0978851
0.0994533
0.0966905
0.0911976
0.0856557
0.0825043
0.0828384
0.0860186
0.090111
0.092884
0.0928482
0.08986
0.0850733
0.080352
0.0774727
0.0774678
0.080337
0.085173
0.0905791
0.0951594
0.0978947
0.0983266
0.0965885
0.0933403
0.0896169
0.0865682
0.0851022
0.0855319
0.0873804
0.0894842
0.0904277
0.0891797
0.0856589
0.0809309
0.0768768
0.0754213
0.0776442
0.0831937
0.0903194
0.0965655
0.0998366
0.0993287
0.0958635
0.0914492
0.0882794
0.0876588
0.0893836
0.0918932
0.0931298
0.0916645
0.0874947
0.0820815
0.0776187
0.0759309
0.0775774
0.0816141
0.0861284
0.0892655
0.0901944
0.089476
0.0886324
0.0891754
0.0916613
0.0953032
0.0983528
0.0990517
0.0966414
0.0918677
0.0866568
0.0830989
0.0822962
0.0837458
0.0856381
0.0859354
0.0836431
0.0795519
0.0759878
0.0756299
0.0799803
0.0883116
0.0977158
0.104332
0.105211
0.0998781
0.0907668
0.082186
0.0782676
0.0808858
0.0886211
0.0973437
0.102188
0.0999679
0.090855
0.0784531
0.0682045
0.0648522
0.0701647
0.0820283
0.0953749
0.104529
0.105845
0.0993442
0.088587
0.0788785
0.0747448
0.0778854
0.0865351
0.0964682
0.103109
0.103697
0.0984533
0.0902267
0.0828797
0.0793165
0.0801568
0.0836735
0.0869313
0.0874729
0.0846556
0.0799678
0.0762056
0.0759806
0.0803482
0.0882498
0.0970195
0.103656
0.106178
0.104383
0.0996627
0.0940876
0.0892979
0.0858161
0.0830956
0.080211
0.0767482
0.0733457
0.0715411
0.072975
0.0783867
0.0869677
0.0964516
0.103943
0.107106
0.105153
0.0991526
0.0915089
0.0848833
0.081089
0.0804722
0.0820207
0.0840722
0.0852255
0.0849987
0.083941
0.0832051
0.0838554
0.0862844
0.090007
0.0938882
0.096657
0.0974402
0.0960629
0.0930033
0.0890903
0.0851648
0.0818828
0.0796895
0.0788735
0.0796009
0.0818868
0.0855111
0.0899303
0.0942714
0.0974929
0.0987002
0.0974739
0.0940343
0.0891673
0.083982
0.0796305
0.0770824
0.0769738
0.07951
0.0843924
0.0907645
0.0972271
0.102018
0.103429
0.100416
0.0931842
0.0834576
0.0741617
0.0685082
0.0687551
0.0751589
0.0856439
0.0964489
0.103579
0.104488
0.0992321
0.0905346
0.0826201
0.0793032
0.0821853
0.0898226
0.0983041
0.103025
0.100862
0.0917423
0.0788305
0.067215
0.0616802
0.0645994
0.0749192
0.0886881
0.100855
0.107478
0.107308
0.10203
0.095125
0.0899916
0.0883009
0.089374
0.0908266
0.0900784
0.085915
0.0792836
0.0729083
0.0699329
0.0723101
0.0797778
0.0899317
0.0993149
0.104934
0.105442
0.101452
0.0949295
0.0880872
0.0824017
0.0782798
0.0754651
0.073831
0.0739609
0.0770515
0.0841049
0.09485
0.107078
0.116931
0.120224
0.114292
0.0994907
0.0795456
0.0604335
0.0482084
0.0466959
0.0560584
0.0728439
0.0914697
0.106457
0.114419
0.114971
0.110254
0.103474
0.0972616
0.0926669
0.0891938
0.0856929
0.0814858
0.0770274
0.0737284
0.073084
0.0756575
0.0805554
0.085741
0.0890665
0.0894735
0.0876781
0.0858938
0.0866591
0.0913452
0.0991388
0.107092
0.111309
0.108751
0.0988189
0.0839314
0.068787
0.0585904
0.0570029
0.0646913
0.0790801
0.0953799
0.108416
0.11447
0.1124
0.103708
0.0916803
0.0800914
0.0719969
0.0690002
0.0711042
0.0770318
0.0847804
0.0921938
0.0974433
0.0994092
0.0979585
0.094037
0.0894461
0.0862517
0.0859594
0.0887743
0.0933129
0.0970069
0.0971538
0.0922385
0.0829261
0.0721666
0.0642116
0.0628651
0.0697166
0.0831827
0.0988767
0.111246
0.115828
0.111139
0.0993323
0.0852859
0.0745321
0.0709395
0.0751809
0.084633
0.0947016
0.100922
0.100854
0.0949432
0.0860342
0.0778994
0.0735363
0.0740262
0.0783956
0.0844075
0.0897711
0.0931159
0.0942893
0.0939739
0.0929989
0.0918298
0.0905205
0.0890635
0.0878005
0.0875125
0.0890225
0.092485
0.0968174
0.09975
0.0986834
0.0920644
0.0805945
0.0675348
0.0577541
0.0557934
0.0637691
0.0801049
0.0997844
0.116161
0.123627
0.119975
0.107325
0.0911654
0.0779041
0.0720829
0.0745238
0.0822351
0.0900753
0.0933569
0.0901332
0.0820761
0.0735492
0.0693737
0.0724026
0.0820844
0.09469
0.105072
0.109091
0.105516
0.0964936
0.0863961
0.0796688
0.0787619
0.0831178
0.0896383
0.0943419
0.0943882
0.0894854
0.0820017
0.0757432
0.0740367
0.0780933
0.0864429
0.095647
0.101883
0.102642
0.0977857
0.0895406
0.0814479
0.0767812
0.0771658
0.0820175
0.0889792
0.0950568
0.0978893
0.0966226
0.0920906
0.0863106
0.081569
0.0795124
0.0806093
0.0841342
0.0885869
0.0923117
0.0940778
0.0934486
0.0908585
0.0874073
0.0844551
0.0831524
0.0840503
0.0869025
0.0907208
0.0940806
0.0955999
0.09445
0.0907186
0.085458
0.0803605
0.0771631
0.0770152
0.0800622
0.0853949
0.0913704
0.0961826
0.098484
0.0978273
0.0947591
0.0905428
0.0866579
0.0842899
0.0839796
0.0855035
0.0879858
0.0902016
0.09099
0.0896605
0.0862757
0.0817236
0.0775378
0.0754627
0.0768455
0.0820349
0.0900424
0.0986753
0.105187
0.107268
0.104008
0.0964005
0.0871061
0.0794679
0.0761473
0.0779631
0.0834821
0.0896083
0.0929726
0.0915237
0.0855824
0.0778156
0.0720861
0.0716698
0.0776648
0.0883538
0.0998569
0.107817
0.10935
0.104335
0.0954084
0.08666
0.0816588
0.0817847
0.0856756
0.090056
0.091523
0.0883804
0.0815834
0.0743055
0.0703441
0.0721694
0.0796022
0.0898014
0.0985985
0.102526
0.100514
0.0943742
0.087826
0.0845581
0.0863283
0.0920562
0.0983747
0.101373
0.0986483
0.0906122
0.0803584
0.0721737
0.0694528
0.0730641
0.0809669
0.0892624
0.0941607
0.093872
0.0894443
0.0841107
0.0815112
0.083746
0.0902729
0.0981831
0.103683
0.104021
0.0988897
0.0905857
0.0828374
0.0789001
0.0799162
0.0843963
0.0890823
0.0907225
0.0878279
0.0815072
0.0749646
0.0719115
0.0746811
0.0829826
0.0939256
0.103319
0.107601
0.105449
0.0982813
0.0894634
0.0826593
0.0801605
0.081982
0.0861073
0.0896957
0.0905992
0.088414
0.0845635
0.0814292
0.0810273
0.0839225
0.0889117
0.0936089
0.095618
0.0937132
0.0884627
0.0820102
0.077136
0.0760525
0.0794897
0.0864525
0.0946872
0.101581
0.105091
0.104365
0.0998864
0.09317
0.0861558
0.0805571
0.0773852
0.0767686
0.0780632
0.0801748
0.0819985
0.0828584
0.0828063
0.0826451
0.0836118
0.0867911
0.0924648
0.0996924
0.106389
0.109987
0.108477
0.101398
0.0902985
0.0783739
0.0693519
0.066033
0.0691151
0.0768676
0.0858681
0.0925165
0.0946371
0.092409
0.0881682
0.0851609
0.0858379
0.0905212
0.0971244
0.102115
0.102285
0.0964739
0.0863508
0.0758427
0.0694243
0.0700739
0.0778542
0.0897947
0.101146
0.107437
0.106381
0.098747
0.0878288
0.0778515
0.0721247
0.0718126
0.0758053
0.081627
0.0868364
0.0901737
0.0918805
0.0931006
0.0948144
0.0970145
0.0986356
0.0982509
0.095084
0.0897131
0.0840138
0.0803011
0.0800825
0.0831077
0.0873132
0.089804
0.0884304
0.0831302
0.0762702
0.0717
0.0728995
0.0811069
0.0943793
0.108131
0.116983
0.117118
0.108026
0.0928271
0.0769691
0.06592
0.0629227
0.0678391
0.0775487
0.0876225
0.0944121
0.0965495
0.095177
0.0928888
0.092021
0.0932514
0.0952566
0.0955798
0.0922024
0.0849565
0.0760011
0.0690576
0.0677281
0.0737063
0.0857716
0.100086
0.11168
0.116451
0.112786
0.102117
0.0881829
0.0754194
0.0672196
0.064868
0.0675182
0.0730594
0.0793266
0.0850384
0.0900621
0.0949701
0.100208
0.105392
0.109161
0.109699
0.105652
0.0969715
0.0852461
0.0733591
0.0645621
0.061332
0.0644754
0.072849
0.0838004
0.094118
0.101104
0.103391
0.101271
0.0964476
0.0913351
0.0881178
0.0879291
0.0904465
0.0940475
0.0964575
0.0956537
0.0907241
0.0823819
0.0729105
0.0654857
0.0630643
0.0672452
0.0775593
0.0914865
0.105217
0.114888
0.117845
0.113468
0.103273
0.0902706
0.0779136
0.0690433
0.065228
0.066629
0.0723003
0.0806702
0.0899525
0.0983725
0.104277
0.1063
0.103696
0.0967607
0.0871009
0.0774546
0.0709518
0.069982
0.0751164
0.084624
0.0949382
0.102016
0.103069
0.0978865
0.089067
0.0809543
0.0776652
0.0810932
0.0898439
0.0996921
0.105445
0.103398
0.0932353
0.0784116
0.0647871
0.0580872
0.0613533
0.0735649
0.0900866
0.10474
0.112525
0.111705
0.104283
0.0947257
0.0876043
0.0853731
0.0873549
0.0904087
0.0908826
0.0867947
0.0790658
0.0711431
0.0672139
0.0699576
0.0790132
0.0909803
0.100988
0.105057
0.102058
0.0942475
0.0860917
0.0819814
0.0839851
0.0907867
0.098363
0.102079
0.0991384
0.0901268
0.0788374
0.0704558
0.0690003
0.0752838
0.0864137
0.09711
0.102229
0.0992593
0.0895586
0.0777395
0.0695261
0.0691236
0.0773229
0.0911798
0.105367
0.114526
0.115491
0.108413
0.0963436
0.0836684
0.0741931
0.0698029
0.0701965
0.0736268
0.0780919
0.0822818
0.0858479
0.0890229
0.091978
0.0943981
0.095561
0.094873
0.0924976
0.0896033
0.0879479
0.0889272
0.0926025
0.0973168
0.100238
0.0986704
0.0915379
0.0802691
0.0685706
0.0610668
0.0613466
0.0702795
0.0853916
0.10165
0.113384
0.116541
0.110309
0.0974118
0.0829509
0.0723096
0.0690295
0.0735331
0.0831717
0.0934947
0.100148
0.100602
0.095044
0.08613
0.0777774
0.073534
0.0751991
0.0822049
0.0919225
0.100706
0.105261
0.103848
0.0968948
0.0868127
0.0771015
0.0710887
0.0707604
0.0760775
0.085004
0.0942565
0.100535
0.101786
0.0979897
0.0911186
0.0842733
0.0803584
0.08086
0.0852436
0.091227
0.095818
0.0966688
0.0931467
0.0866326
0.0798978
0.0758423
0.0761801
0.0806888
0.0873736
0.0934505
0.0966533
0.0962195
0.093094
0.0892995
0.0868401
0.086704
0.0884526
0.0905749
0.0914011
0.090076
0.0870508
0.0838228
0.0820802
0.08275
0.0854777
0.0888126
0.0909918
0.0909074
0.0887388
0.0858812
0.0841802
0.0848829
0.0878979
0.0917903
0.094525
0.0945636
0.0917279
0.0873539
0.0836236
0.0824084
0.0842476
0.0880337
0.0915918
0.0928516
0.0909916
0.0869391
0.0829315
0.0813314
0.0832995
0.0880531
0.0931602
0.0957701
0.094158
0.0887608
0.0821192
0.0776988
0.0781497
0.0838712
0.0926308
0.100487
0.103622
0.100219
0.0914455
0.0810097
0.0734793
0.0721554
0.0775361
0.0870968
0.0964768
0.101498
0.100063
0.0930555
0.0838498
0.0766957
0.0747743
0.0788264
0.0869481
0.0955763
0.101136
0.101553
0.096966
0.0894204
0.081821
0.0767162
0.0754458
0.077917
0.0829481
0.0888968
0.0942401
0.0978888
0.0992291
0.0980517
0.0945434
0.0893758
0.0837512
0.0792169
0.0771905
0.0783577
0.082252
0.0873023
0.091425
0.0929574
0.0915007
0.0882109
0.0853041
0.0849404
0.0880214
0.0935412
0.0988951
0.101071
0.0981805
0.0905673
0.0808877
0.0730459
0.0704403
0.0743495
0.0832452
0.093399
0.100537
0.101779
0.0969342
0.0885122
0.0804647
0.0762954
0.0774904
0.0830017
0.0899612
0.0952023
0.0968017
0.0948787
0.0912933
0.088465
0.0879898
0.0898105
0.0923536
0.0935099
0.0918785
0.0875708
0.082138
0.0776976
0.0757946
0.0766639
0.0792917
0.0821959
0.0844339
0.0862167
0.088728
0.0932024
0.0997942
0.106958
0.111824
0.111496
0.104627
0.0924226
0.0784572
0.0672718
0.0623807
0.0646725
0.0720514
0.0805533
0.0863959
0.0879073
0.0863145
0.0849478
0.0872409
0.0945631
0.105068
0.114268
0.117167
0.110902
0.0965244
0.0789099
0.0647398
0.0594766
0.0647903
0.0777096
0.0919695
0.100965
0.1009
0.0925802
0.080928
0.0724741
0.0720715
0.080466
0.0939146
0.106032
0.110955
0.106261
0.0941682
0.0804248
0.0714673
0.0712812
0.0795262
0.0918212
0.102002
0.105196
0.100151
0.0896759
0.0790278
0.0731442
0.0741684
0.0805047
0.0878421
0.0915886
0.0894413
0.0827319
0.0758143
0.0737931
0.0797686
0.0930117
0.108997
0.121291
0.124407
0.116278
0.099189
0.0787879
0.0616734
0.052747
0.0535261
0.0620751
0.0743885
0.0863908
0.0955266
0.101257
0.104426
0.106053
0.10635
0.104546
0.0995961
0.0913033
0.0810956
0.0718953
0.067018
0.0686251
0.0765367
0.0880565
0.0989682
0.105281
0.104923
0.09858
0.0892852
0.0809682
0.0766721
0.0772995
0.0814516
0.0863637
0.0894051
0.0893748
0.086979
0.0843176
0.0836912
0.0863495
0.0918011
0.0980074
0.102339
0.102794
0.0988915
0.0918339
0.0839323
0.0776106
0.0744661
0.0747876
0.077677
0.0816259
0.0852175
0.0876405
0.0888557
0.0894294
0.0901596
0.0916697
0.0941271
0.0971593
0.099942
0.101388
0.100407
0.0962531
0.0889116
0.0794028
0.0697899
0.0627761
0.0609309
0.0657569
0.0769287
0.0920553
0.107183
0.117973
0.121162
0.115738
0.103342
0.087722
0.0734323
0.0642948
0.0621935
0.0666521
0.0752978
0.0849508
0.0928396
0.0974436
0.0986936
0.0975759
0.0954337
0.0933355
0.0917675
0.0906955
0.0898415
0.0889559
0.0879312
0.086754
0.0854004
0.0838062
0.0819696
0.0801365
0.0789178
0.0791834
0.0816938
0.0866146
0.0931789
0.0997301
0.104199
0.104862
0.101068
0.0936162
0.0845636
0.0765223
0.071732
0.0713159
0.0750128
0.081439
0.0886991
0.0950488
0.0993374
0.1011
0.100369
0.097424
0.0926754
0.0867554
0.0806657
0.0757828
0.0735688
0.0750284
0.0801439
0.0876076
0.0950902
0.100037
0.100708
0.0969905
0.0905772
0.0843224
0.0810109
0.0820787
0.0869017
0.093019
0.0972188
0.0970143
0.0918525
0.0834942
0.0753473
0.0710118
0.0726786
0.0801072
0.0906421
0.100268
0.105261
0.103739
0.0964412
0.0863847
0.0775903
0.0734593
0.0754925
0.0828039
0.0925335
0.100967
0.104946
0.103027
0.09594
0.086191
0.0770596
0.0714416
0.0709322
0.0753841
0.0830256
0.0911079
0.0968872
0.0986001
0.0960668
0.090703
0.0849556
0.0813736
0.0816369
0.0858861
0.0926174
0.0992212
0.102988
0.102184
0.0967418
0.088278
0.079437
0.0728666
0.07026
0.0718511
0.0765386
0.0825312
0.0881727
0.0925344
0.0955081
0.0974303
0.0985352
0.0986232
0.0971699
0.0938155
0.0889095
0.0837208
0.0800897
0.0796114
0.082735
0.0882786
0.0937146
0.0962191
0.0940521
0.0875811
0.0793607
0.0731218
0.0720814
0.077355
0.0872513
0.097855
0.10471
0.104861
0.0982723
0.0879205
0.0784666
0.0741355
0.0767938
0.0851266
0.0952944
0.102752
0.104346
0.0996724
0.0910699
0.0823128
0.0767309
0.075706
0.0782679
0.0819242
0.0842252
0.0841828
0.082758
0.0821649
0.0844129
0.0899346
0.0970956
0.1029
0.10455
0.101039
0.0938689
0.0864345
0.0823194
0.0833566
0.0885057
0.0942108
0.0961573
0.091593
0.0810257
0.0683646
0.0593258
0.0587966
0.0683984
0.085447
0.103888
0.116852
0.119679
0.111983
0.0977719
0.083577
0.0754668
0.0763388
0.0847173
0.0955832
0.102817
0.102088
0.0928454
0.0785109
0.0648796
0.0575282
0.0594432
0.0698979
0.0849827
0.0994324
0.108834
0.111215
0.10741
0.100229
0.0929713
0.0880257
0.0861366
0.0865307
0.0876773
0.0881906
0.0874078
0.0854519
0.082914
0.0804609
0.0786123
0.0777403
0.0781738
0.0802311
0.0840778
0.089455
0.0954626
0.100615
0.103267
0.102292
0.0976948
0.090812
0.0839214
0.0793664
0.0785851
0.0815011
0.0865641
0.0914207
0.0939139
0.0929795
0.0890566
0.0838344
0.0794621
0.0776141
0.0788632
0.0826112
0.0875101
0.0920896
0.0952921
0.0967299
0.0966208
0.0954917
0.0938419
0.0919558
0.0899289
0.0878054
0.0856779
0.083683
0.081945
0.0805566
0.0796386
0.0794385
0.0803711
0.0828948
0.0872051
0.092871
0.0986594
0.102758
0.103419
0.0997954
0.0925535
0.0838984
0.0768525
0.0740211
0.0763808
0.0826988
0.0899513
0.0946533
0.0945384
0.0897698
0.0830123
0.078221
0.0786695
0.0851737
0.0954204
0.104817
0.108561
0.104014
0.0922004
0.0776367
0.066433
0.0635324
0.0703825
0.0841655
0.0989909
0.108538
0.108932
0.100494
0.0875002
0.0760859
0.0713044
0.0747787
0.0840693
0.0940372
0.0995033
0.0978564
0.0903025
0.0811638
0.0756255
0.0770806
0.0853826
0.096862
0.106101
0.108583
0.102866
0.0912078
0.0783816
0.0693693
0.0671088
0.0713733
0.0792514
0.0868915
0.0915385
0.0927637
0.092282
0.0925654
0.0951135
0.0993846
0.10299
0.103062
0.0980365
0.0888266
0.0786567
0.0715679
0.0703699
0.0751317
0.0830539
0.0898626
0.0920596
0.0888503
0.082678
0.0780151
0.0789961
0.0870872
0.0999809
0.112341
0.118165
0.113688
0.0994113
0.0801503
0.0630405
0.0544544
0.0572886
0.0698338
0.0866852
0.101239
0.108606
0.10755
0.10058
0.0922523
0.0866826
0.0855557
0.0875772
0.0895307
0.0883185
0.0828953
0.0750683
0.0687337
0.0679458
0.0747977
0.0881686
0.103944
0.116618
0.121551
0.116842
0.104002
0.087208
0.0715916
0.0613675
0.0585753
0.0628064
0.0718338
0.0827016
0.0927382
0.100131
0.104016
0.104285
0.101372
0.0961421
0.0898705
0.0841392
0.0805222
0.0800663
0.0827834
0.0874797
0.0921226
0.0946609
0.093933
0.0902218
0.0851652
0.0810314
0.0796696
0.0816288
0.0858889
0.0903621
0.0929222
0.0924396
0.0893021
0.0851767
0.0821558
0.0817302
0.0841084
0.0882184
0.0923578
0.0951055
0.0959809
0.0955129
0.0947289
0.0943884
0.0944035
0.0937965
0.0912623
0.0860562
0.0786968
0.0710402
0.0656363
0.0646766
0.0690508
0.0779453
0.0891518
0.0999316
0.108018
0.11227
0.112707
0.110014
0.104927
0.0979072
0.0892667
0.0796118
0.0702485
0.063186
0.0605734
0.0637479
0.0723812
0.0842479
0.0958646
0.103793
0.106039
0.102868
0.0966198
0.0905514
0.0872629
0.0874998
0.0899343
0.0920262
0.0915064
0.0877118
0.0820664
0.0774158
0.0765202
0.080481
0.0879632
0.095685
0.0999808
0.0986634
0.0922224
0.0836996
0.0772427
0.0760265
0.0805893
0.0884629
0.0953509
0.0973261
0.092966
0.0843128
0.0760833
0.0734218
0.0792476
0.0925022
0.108212
0.119453
0.120405
0.10911
0.0886331
0.0660273
0.0495107
0.0451093
0.054227
0.0731708
0.0947882
0.111466
0.118164
0.114186
0.102984
0.0902453
0.0812493
0.0787144
0.0820301
0.0880483
0.0929035
0.0939205
0.0907168
0.0850772
0.0798085
0.0772556
0.0782478
0.0819374
0.0864867
0.090138
0.0920637
0.0925797
0.0926761
0.0931909
0.0941462
0.0946662
0.0935442
0.0901159
0.0849003
0.0796044
0.0764478
0.0771111
0.0818106
0.0889824
0.0958174
0.0994714
0.0983835
0.09304
0.0858042
0.0798908
0.0779495
0.0808694
0.0873444
0.094433
0.0988889
0.0986339
0.0936722
0.0860516
0.0789392
0.0752428
0.0763712
0.0816662
0.0887645
0.0947108
0.0972741
0.0958493
0.0915837
0.0867454
0.0836523
0.0836345
0.0864946
0.0907081
0.094234
0.0954909
0.0940125
0.0905183
0.0864476
0.0832174
0.0815667
0.0813084
0.0816181
0.0816894
0.0813558
0.0812939
0.0826721
0.0864229
0.0925139
0.0996108
0.105375
0.107359
0.104144
0.0961763
0.0858218
0.0765504
0.0715521
0.0723939
0.0783081
0.0864537
0.0930905
0.0952056
0.0918829
0.0847681
0.0773791
0.0735573
0.0757571
0.0839181
0.0954015
0.106022
0.111757
0.110405
0.102471
0.090878
0.0796893
0.0724566
0.0709284
0.0746102
0.0812526
0.087962
0.0924123
0.0936366
0.0921127
0.089205
0.0863436
0.0844037
0.0835696
0.0836346
0.0844317
0.0860564
0.0887328
0.0924319
0.0965185
0.0997098
0.100477
0.0977821
0.091795
0.0841673
0.0775794
0.0746637
0.0767628
0.0831352
0.0910555
0.0968633
0.0975655
0.0922919
0.0828977
0.073356
0.0681312
0.0702229
0.0797482
0.0937156
0.107134
0.115022
0.114472
0.105865
0.0926937
0.0800531
0.0724882
0.0721444
0.0780133
0.08655
0.0933375
0.095051
0.0908695
0.0827461
0.0744574
0.0698964
0.0713927
0.078784
0.0895872
0.100122
0.107042
0.10861
0.105183
0.0987889
0.0920651
0.0870942
0.0846424
0.0840894
0.084011
0.0830898
0.0808834
0.0780611
0.0760242
0.076151
0.0790721
0.0843102
0.0904252
0.0955937
0.0983791
0.0983393
0.096169
0.093293
0.0911266
0.0903808
0.090751
0.0911276
0.0902292
0.0873631
0.082938
0.0784476
0.0758899
0.07686
0.0817189
0.089222
0.0968222
0.101587
0.101397
0.0959139
0.0868794
0.0775573
0.0715156
0.0712289
0.0770731
0.0871285
0.0978813
0.105554
0.107539
0.103373
0.0948544
0.0852638
0.0780168
0.0753329
0.0774765
0.0828361
0.0887358
0.0925925
0.0929432
0.0899481
0.0851967
0.0809397
0.0791172
0.0806131
0.0850097
0.0908594
0.0962832
0.099635
0.0999978
0.097378
0.0925936
0.0869616
0.0819287
0.0787435
0.0781972
0.0804341
0.0848618
0.090224
0.0948813
0.0972724
0.0964373
0.0924196
0.086367
0.0802317
0.0761221
0.0755265
0.0787203
0.0846291
0.091235
0.0963737
0.0985936
0.0977031
0.0947633
0.0915236
0.0895565
0.0894978
0.0907543
0.091819
0.091049
0.087548
0.0817431
0.0753701
0.0708397
0.070245
0.0744458
0.0826378
0.0925917
0.101451
0.106751
0.107262
0.10334
0.0966762
0.0895727
0.0840536
0.0811823
0.080836
0.081974
0.083228
0.0835419
0.0826143
0.080999
0.0798504
0.080418
0.0834849
0.0889631
0.0957958
0.102201
0.106186
0.106192
0.101675
0.093414
0.0833896
0.0742194
0.0683448
0.0672604
0.0710669
0.0784916
0.087357
0.0953302
0.100681
0.102751
0.101955
0.0993344
0.0959162
0.0922364
0.0882653
0.0837579
0.0787913
0.0741457
0.0712674
0.0717612
0.0766059
0.0854502
0.0963612
0.106245
0.111859
0.111032
0.103572
0.0914514
0.07818
0.0676164
0.0626897
0.0645077
0.0721558
0.083196
0.0946014
0.103713
0.108864
0.109534
0.106139
0.0996842
0.0914871
0.0830261
0.0758271
0.0712712
0.0702767
0.0729469
0.0783785
0.0848176
0.0902206
0.0930577
0.0930045
0.0911453
0.0894989
0.0900168
0.0935053
0.0990156
0.104072
0.105723
0.10198
0.0929492
0.0810608
0.0702063
0.0641239
0.0647673
0.0714293
0.0810668
0.0897212
0.0943787
0.0943573
0.091511
0.0891332
0.0901049
0.0952157
0.102518
0.108103
0.108011
0.100385
0.0867723
0.0718113
0.0613729
0.0599729
0.0686575
0.0843358
0.100903
0.111728
0.112448
0.102842
0.0868912
0.071039
0.0614516
0.0615381
0.0707726
0.0852235
0.0994426
0.108804
0.111238
0.107649
0.100971
0.0944752
0.0902116
0.0882956
0.0872754
0.085268
0.0812161
0.0755977
0.0702428
0.0674068
0.0686356
0.0740223
0.082198
0.0909958
0.098401
0.103296
0.105652
0.106142
0.105455
0.103766
0.100662
0.0955653
0.0883736
0.0799288
0.0719843
0.0666268
0.0654108
0.0686493
0.0752387
0.0831179
0.0901362
0.094913
0.0972847
0.0981313
0.0986733
0.0996163
0.100624
0.100443
0.0976259
0.0914972
0.0828388
0.073928
0.0678226
0.0671412
0.0728564
0.083667
0.0962761
0.106498
0.110764
0.107469
0.0976243
0.0845515
0.0726825
0.0659323
0.066313
0.0733171
0.0842377
0.0952364
0.102751
0.104748
0.101362
0.0946695
0.087718
0.0832521
0.0826718
0.0855946
0.0901358
0.0937712
0.0944404
0.0914333
0.0856812
0.0793379
0.0748584
0.0739833
0.0770494
0.0829048
0.0894631
0.0946405
0.0972246
0.0972586
0.0957922
0.0941762
0.0932872
0.0930689
0.0926168
0.0907812
0.0869922
0.0818477
0.0770809
0.0748374
0.0765919
0.0822607
0.0899993
0.0968473
0.099975
0.0979843
0.0916513
0.0837089
0.0777024
0.0764083
0.0805501
0.0884266
0.0966431
0.101623
0.101216
0.095656
0.0874305
0.0801067
0.0766927
0.0783168
0.083827
0.0904467
0.0951195
0.0958942
0.0927157
0.0872958
0.0821826
0.0795314
0.0801919
0.0835177
0.0879013
0.0916726
0.0938546
0.0944056
0.0939
0.0929296
0.09165
0.089767
0.0869567
0.0834185
0.0801537
0.0787008
0.0803734
0.0853773
0.0923292
0.0985548
0.101156
0.0984076
0.0907971
0.0811195
0.0734452
0.0713506
0.0762128
0.0863999
0.097802
0.105532
0.106076
0.098933
0.0869647
0.0752305
0.068805
0.0705561
0.0798893
0.0929992
0.104489
0.109643
0.106376
0.0960326
0.0827264
0.0715504
0.0665021
0.0690109
0.077618
0.0888116
0.0985556
0.10383
0.103579
0.0987707
0.0917049
0.0849638
0.0804933
0.0791155
0.0805375
0.0837154
0.087346
0.0902854
0.0918015
0.0916701
0.0901651
0.0879638
0.0859614
0.0850013
0.0855833
0.0876458
0.0905242
0.0931441
0.0944162
0.0936932
0.0910724
0.0873681
0.0837501
0.0812308
0.0802744
0.0807206
0.0820329
0.0837071
0.085595
0.087941
0.0910816
0.0949705
0.0988404
0.10129
0.100861
0.0968549
0.089947
0.0821965
0.0763387
0.0746095
0.0776336
0.0839483
0.0904967
0.0939638
0.0923796
0.0862092
0.0783383
0.0728818
0.07331
0.0807469
0.0932487
0.10645
0.115344
0.116409
0.109122
0.0961483
0.0821439
0.0717407
0.0676626
0.0698159
0.0757053
0.0818874
0.0856924
0.0863629
0.0851079
0.0841518
0.0853578
0.0891762
0.094443
0.0990789
0.101256
0.100357
0.097191
0.0933814
0.0903341
0.0884293
0.0869207
0.0846008
0.080837
0.0763433
0.0731413
0.0735943
0.0789574
0.0882656
0.0982913
0.104768
0.10438
0.0965557
0.0841318
0.0724114
0.0669221
0.0708382
0.0833033
0.0995452
0.112841
0.117479
0.111357
0.0969691
0.0803149
0.0681917
0.0651405
0.0714657
0.0832469
0.0943082
0.0991862
0.0956843
0.0858204
0.0747554
0.0682621
0.0699753
0.0797384
0.093786
0.10659
0.113418
0.112353
0.104872
0.0947811
0.0861728
0.0814713
0.0805636
0.0813612
0.0813635
0.0792974
0.0759281
0.0736218
0.0749114
0.0808511
0.0900886
0.099238
0.104441
0.10333
0.096354
0.0867312
0.0790236
0.0769873
0.0817386
0.0911335
0.100703
0.105737
0.103523
0.0946585
0.0827793
0.0728692
0.0689539
0.072285
0.0808488
0.0904011
0.0965073
0.0966047
0.0911222
0.0831667
0.0769745
0.0758928
0.0808507
0.0900116
0.0997154
0.106202
0.107262
0.103054
0.095775
0.0884353
0.0833866
0.0813229
0.0812106
0.0811218
0.0794972
0.0761625
0.0725659
0.0711148
0.0739437
0.081721
0.0930765
0.10494
0.11366
0.116415
0.112309
0.102678
0.0905055
0.0792283
0.0714822
0.0683222
0.0691892
0.0725443
0.0767977
0.0810661
0.0854031
0.09042
0.0965213
0.103189
0.108755
0.110864
0.107508
0.0981501
0.0844057
0.0698709
0.0590594
0.0558016
0.061721
0.075423
0.0927872
0.108332
0.117171
0.116802
0.108001
0.0944462
0.0812158
0.0727871
0.071363
0.0761982
0.0841597
0.0912315
0.0942911
0.092391
0.0870125
0.0812219
0.0781589
0.0795743
0.08508
0.092409
0.0985121
0.100955
0.0989675
0.0936787
0.0874694
0.0827967
0.0810926
0.0822553
0.084919
0.0872973
0.0881497
0.0873892
0.0860417
0.0855902
0.0870687
0.0904
0.0943329
0.0969977
0.0967869
0.0931393
0.0868676
0.0798824
0.0744445
0.0723046
0.0741277
0.0794153
0.0868476
0.0947916
0.101729
0.106479
0.108233
0.106509
0.101174
0.092642
0.0821373
0.0717666
0.0641558
0.0616568
0.0654211
0.0747663
0.087173
0.0990099
0.106785
0.108453
0.10421
0.096368
0.0883344
0.0831507
0.0822388
0.084908
0.0888278
0.0912446
0.0903758
0.0863102
0.0809727
0.0771739
0.0772125
0.0817064
0.08921
0.0967991
0.10136
0.100979
0.0957867
0.0878834
0.080401
0.0761479
0.0764397
0.0806294
0.0865318
0.0915222
0.093766
0.0929897
0.0904653
0.0882724
0.0882146
0.0908834
0.0952811
0.099185
0.100116
0.0964882
0.0884342
0.0779316
0.0681942
0.0625608
0.063302
0.0707719
0.0832043
0.0972301
0.108938
0.11512
0.114276
0.107051
0.0959427
0.0844141
0.075709
0.0718178
0.0729459
0.0776511
0.0835605
0.0883674
0.0907084
0.0905776
0.0891247
0.0879494
0.0882293
0.0901021
0.0926035
0.0941862
0.0935538
0.0903902
0.0856209
0.0810686
0.0786497
0.0794817
0.0833371
0.0887277
0.0935939
0.0962566
0.0961494
0.0939742
0.0912235
0.0893399
0.0889506
0.0895744
0.0899438
0.0887713
0.0855509
0.0809591
0.0766281
0.074388
0.0753724
0.079462
0.0853687
0.0913021
0.0958429
0.0985355
0.0998843
0.100769
0.10163
0.101928
0.100279
0.0952797
0.0866251
0.0758432
0.0661178
0.0611287
0.0633801
0.0728104
0.0864219
0.0992564
0.106417
0.105278
0.096831
0.0854154
0.076858
0.0757999
0.0834465
0.0968161
0.109906
0.116326
0.112228
0.0982036
0.079197
0.0624584
0.054426
0.0579542
0.0711261
0.0881699
0.102047
0.107531
0.10338
0.0926577
0.0811188
0.07449
0.0759117
0.0846754
0.0967475
0.10675
0.110418
0.106397
0.0965822
0.0850003
0.0758641
0.0717854
0.0729282
0.0773681
0.082347
0.0857166
0.0868444
0.0865941
0.0865165
0.0877906
0.0905229
0.0937446
0.0960372
0.0963854
0.0947653
0.0921406
0.0898788
0.088931
0.0892575
0.0898443
0.0893147
0.0867957
0.0825531
0.0780297
0.075243
0.0758242
0.0801681
0.0871181
0.0943687
0.0994208
0.100644
0.0979391
0.0926961
0.0871179
0.0832567
0.0822135
0.0838211
0.0868956
0.0898886
0.0916007
0.0916116
0.0902642
0.0883008
0.0864195
0.0849959
0.0840704
0.0835395
0.0833985
0.0838637
0.085271
0.0877849
0.091101
0.0943663
0.0964279
0.0963218
0.0937652
0.0893968
0.0846288
0.0811452
0.0802413
0.0822764
0.0864707
0.0911491
0.0943572
0.094625
0.0915851
0.0861889
0.0804199
0.076598
0.0765276
0.0807922
0.0884393
0.0971835
0.104098
0.106606
0.103446
0.0952502
0.0844781
0.0746595
0.0691811
0.0700296
0.076961
0.0874519
0.0975307
0.103254
0.102282
0.0949093
0.0840592
0.0742031
0.0695946
0.0725326
0.0823619
0.0956493
0.107497
0.113476
0.111365
0.101979
0.0887404
0.0762401
0.0683992
0.0670242
0.0713362
0.0786208
0.0856313
0.0900421
0.0912832
0.0904501
0.0894542
0.0899078
0.0923007
0.0958349
0.0989363
0.100119
0.0987189
0.0951158
0.0904003
0.0857278
0.0817739
0.0785983
0.0759685
0.0738958
0.0729917
0.0743387
0.0788699
0.0865776
0.0960307
0.104577
0.109268
0.108151
0.101293
0.0909936
0.0809798
0.0748938
0.0747236
0.07991
0.0875908
0.0939275
0.0959145
0.0927894
0.0863454
0.0800063
0.0771335
0.0793812
0.0858736
0.0935999
0.0988639
0.0990973
0.0941315
0.0862804
0.0792041
0.0761464
0.0784232
0.0848771
0.0925244
0.0980534
0.0994193
0.0967403
0.0920502
0.088069
0.0866651
0.0878452
0.089813
0.0900624
0.0869152
0.0806736
0.0737496
0.0696431
0.0712239
0.0791445
0.0912077
0.103096
0.110202
0.109712
0.10194
0.0902575
0.0796383
0.0744706
0.0766197
0.0846062
0.0942883
0.100762
0.100612
0.0934743
0.0821923
0.0715384
0.0661164
0.0683972
0.0777169
0.0906124
0.10229
0.108567
0.107472
0.0998626
0.0888876
0.0786187
0.0724979
0.0722315
0.0774708
0.0862361
0.0957704
0.10343
0.107325
0.106602
0.101431
0.0928458
0.0825211
0.0725271
0.0650059
0.0617499
0.0637358
0.0707518
0.0813083
0.0929632
0.103029
0.10942
0.111282
0.109127
0.104431
0.0988772
0.0936192
0.0889079
0.0842587
0.0790596
0.0732807
0.067879
0.0646414
0.0654811
0.0714795
0.0821137
0.0950783
0.106876
0.114005
0.114263
0.107621
0.0962838
0.0839214
0.0743597
0.0702497
0.0722214
0.0788316
0.0872744
0.0945119
0.0983496
0.0980676
0.0944444
0.0892522
0.0844823
0.0816255
0.0812594
0.0830279
0.0859262
0.0887259
0.0903882
0.0903634
0.0887221
0.0861058
0.083533
0.0821157
0.082741
0.0857693
0.0908269
0.0967869
0.102004
0.104771
0.103871
0.0990278
0.0910709
0.0817351
0.0731461
0.0671985
0.0650665
0.0670039
0.0724453
0.0802983
0.0892709
0.0980954
0.105599
0.110677
0.112319
0.109812
0.103093
0.0930876
0.0817775
0.0718394
0.0658862
0.0655572
0.0708273
0.0798757
0.0896527
0.0969829
0.0997781
0.0978374
0.0928518
0.0875776
0.0845467
0.0849193
0.0880254
0.0917983
0.0938726
0.0928113
0.0888748
0.0839491
0.0806336
0.0809075
0.0850365
0.0913067
0.0967687
0.098648
0.0957253
0.0889955
0.0812704
0.0758995
0.0752025
0.0793605
0.0863187
0.0927815
0.0958389
0.0944146
0.0897998
0.0849894
0.0831442
0.0859305
0.0925567
0.100005
0.104386
0.102802
0.094811
0.0827818
0.0709634
0.0636948
0.0635841
0.0704765
0.0816634
0.0931981
0.10165
0.105425
0.105051
0.102394
0.0993411
0.0967016
0.0939058
0.0896449
0.0830639
0.074797
0.0671749
0.0633743
0.0658755
0.0750185
0.088444
0.1018
0.110473
0.11159
0.10532
0.0948294
0.0848391
0.0794472
0.0802612
0.0857394
0.0920631
0.0951093
0.0925539
0.0850747
0.0760642
0.0699883
0.0701862
0.0771854
0.0883681
0.0991669
0.105209
0.104354
0.0976318
0.0886538
0.0818098
0.0801323
0.0838675
0.0904486
0.0958842
0.0968561
0.092445
0.08461
0.077205
0.0740547
0.0770438
0.0851289
0.0947454
0.101436
0.101947
0.0957796
0.0854471
0.0753235
0.0696822
0.0708674
0.0784049
0.0893675
0.0997417
0.106131
0.107027
0.103127
0.0966512
0.0901241
0.085261
0.0824711
0.0810942
0.0801223
0.0789544
0.0777744
0.0773748
0.0785761
0.0816216
0.0859273
0.0903354
0.0937071
0.0954996
0.0959876
0.096002
0.0963447
0.0972238
0.0980386
0.0976453
0.0949796
0.0897361
0.0827545
0.0758674
0.07121
0.0702944
0.0733189
0.0790807
0.0855263
0.0906539
0.0933385
0.0937173
0.0929719
0.092609
0.0935972
0.0958098
0.0980694
0.0987654
0.0967193
0.0918735
0.085471
0.0796124
0.0763589
0.0767865
0.0804599
0.085595
0.0898376
0.0913018
0.0894155
0.0852138
0.0809337
0.0790511
0.0811583
0.0871776
0.0952716
0.102503
0.105986
0.104078
0.0971188
0.0874092
0.0783809
0.0732814
0.0738852
0.079747
0.0883146
0.0958993
0.099167
0.0965606
0.0890379
0.0797663
0.0728621
0.0716732
0.0773035
0.0880044
0.0997373
0.107751
0.108562
0.101502
0.0891294
0.0762942
0.0681995
0.0682552
0.0766147
0.0900324
0.103143
0.110651
0.109513
0.10017
0.0863225
0.0733503
0.0660854
0.0668799
0.0747785
0.0860988
0.0961143
0.101075
0.0996852
0.0934423
0.0857503
0.0802951
0.0794462
0.08338
0.0902278
0.097068
0.10124
0.101379
0.097756
0.0918809
0.0856553
0.0805715
0.0773276
0.0759461
0.0761811
0.0778721
0.0810015
0.0854423
0.0906172
0.0953679
0.0982294
0.0980513
0.0946785
0.0893012
0.0841945
0.0818392
0.0837584
0.0896279
0.09716
0.102919
0.103761
0.0982685
0.0875462
0.0749713
0.0649593
0.0612177
0.0652328
0.0756604
0.0888881
0.100507
0.107043
0.107213
0.102205
0.0949261
0.0885919
0.0853411
0.0854805
0.087637
0.0896529
0.0897468
0.087385
0.0834747
0.079832
0.0782299
0.0795246
0.0832775
0.0880178
0.0919736
0.0938992
0.0935953
0.0918776
0.0900368
0.0891048
0.0893279
0.0901003
0.0903547
0.0892024
0.0865156
0.0831549
0.0806826
0.0806459
0.0837666
0.089449
0.0958574
0.100547
0.101403
0.097539
0.0897829
0.0805158
0.0728584
0.0695162
0.0717558
0.07892
0.0886484
0.0977127
0.10318
0.103491
0.0990318
0.091935
0.085182
0.0813785
0.0817193
0.0855483
0.0906727
0.094308
0.0942879
0.0900455
0.0829347
0.0757353
0.0715418
0.0725002
0.078908
0.0890325
0.0997141
0.107513
0.109948
0.106342
0.097977
0.0875376
0.0780999
0.0720921
0.0706131
0.0733103
0.0787568
0.0850866
0.090614
0.0942562
0.0956887
0.0952548
0.0937151
0.0919541
0.0907339
0.0905066
0.0912639
0.0924502
0.0930413
0.0918699
0.0881545
0.0820375
0.0748678
0.0690119
0.0671365
0.0711408
0.0811412
0.0949952
0.1087
0.117649
0.118343
0.109886
0.0945953
0.0773743
0.0639966
0.0589473
0.0637105
0.0762178
0.0916903
0.104526
0.110455
0.108073
0.0991506
0.0876261
0.0778079
0.072613
0.0726193
0.0762777
0.0810655
0.0849294
0.0872699
0.0889991
0.091698
0.0963728
0.102509
0.107977
0.109902
0.106104
0.0963818
0.0829686
0.0698476
0.0612076
0.059718
0.0654203
0.0757548
0.086722
0.094645
0.0977125
0.096591
0.093849
0.0925013
0.0943883
0.0991734
0.104445
0.106886
0.103953
0.0952508
0.0829303
0.0708931
0.0631739
0.0622403
0.0679871
0.0778627
0.0880464
0.0951178
0.0974609
0.0957849
0.0925555
0.090631
0.0917632
0.0956855
0.100229
0.102401
0.099906
0.092377
0.081743
0.0715622
0.0656017
0.0662818
0.0736578
0.0853719
0.0975764
0.106403
0.109345
0.106003
0.0979694
0.087994
0.0788821
0.0726046
0.0699556
0.0707707
0.0744428
0.0803566
0.0879744
0.0965734
0.104891
0.111037
0.1129
0.108996
0.0993645
0.0860428
0.072715
0.0635392
0.0615538
0.0673429
0.0786029
0.0909145
0.0994961
0.10124
0.0961191
0.0872692
0.079615
0.0776084
0.0830918
0.094285
0.106406
0.113713
0.112092
0.101046
0.0841337
0.0675913
0.0577174
0.0581827
0.0684821
0.0842185
0.0990713
0.107545
0.107254
0.0997326
0.089449
0.0815382
0.0793623
0.0830479
0.0896657
0.09491
0.0954106
0.0905098
0.0826218
0.0760133
0.0746257
0.080024
0.0904811
0.101654
0.108542
0.107798
0.0992838
0.0861406
0.0733773
0.0656763
0.0654567
0.0720569
0.0823281
0.0922584
0.0987871
0.100932
0.0997613
0.0973588
0.0954463
0.0944393
0.0934202
0.0909721
0.0863399
0.0802143
0.0746535
0.0721396
0.0742536
0.0806925
0.0892004
0.0965163
0.0998884
0.0983887
0.0933467
0.0876708
0.0843837
0.0850963
0.0891882
0.0941252
0.0967704
0.0950232
0.0889437
0.080797
0.0740094
0.071565
0.074619
0.0819915
0.0907756
0.0977415
0.100811
0.099852
0.0964381
0.092785
0.0904873
0.0897269
0.0893457
0.0877158
0.0839217
0.0785785
0.0737809
0.0721462
0.0754291
0.0834376
0.0938429
0.103026
0.107592
0.105856
0.0985968
0.0887224
0.0799953
0.0754206
0.0760425
0.0806822
0.0866826
0.091244
0.0926865
0.0910606
0.0878893
0.0852554
0.084727
0.0866414
0.0900468
0.0932649
0.0947465
0.0937825
0.0907446
0.0868004
0.0833169
0.0812857
0.0810333
0.0822782
0.0844169
0.0868425
0.0891383
0.0910917
0.0925866
0.0935015
0.0937141
0.0932007
0.0921174
0.0907537
0.0893667
0.0880148
0.0865207
0.084615
0.0822077
0.0796526
0.0778215
0.0778506
0.0805883
0.0859973
0.0928676
0.0990842
0.102411
0.101477
0.0965039
0.0893754
0.0829328
0.0797529
0.080971
0.0857229
0.0914968
0.0952685
0.094918
0.09027
0.0832292
0.0769059
0.0741492
0.0762206
0.0822484
0.0896875
0.0955325
0.0977069
0.0959791
0.0919582
0.0881684
0.0866943
0.08813
0.0913745
0.0943261
0.095052
0.092809
0.0884035
0.0837291
0.0807371
0.0803985
0.0822305
0.0846545
0.0859772
0.0854251
0.083635
0.0823073
0.0832061
0.0870522
0.0929282
0.0985589
0.101379
0.0998771
0.0944945
0.0875625
0.0822299
0.0809108
0.0840469
0.089825
0.0950101
0.0965135
0.0929528
0.0854247
0.0770548
0.0715136
0.0712472
0.0763313
0.0845002
0.092295
0.09674
0.0967421
0.0935354
0.0899356
0.0887701
0.0913076
0.0965268
0.101606
0.103362
0.0998992
0.0916463
0.0812686
0.0724842
0.0683552
0.0699026
0.0757297
0.0828118
0.0880316
0.0896839
0.0882213
0.0858853
0.0854242
0.0885548
0.0949605
0.102336
0.107449
0.107691
0.102351
0.0930155
0.0829226
0.0755587
0.0731712
0.0758601
0.0816394
0.087403
0.0903285
0.0890863
0.0843442
0.0784007
0.0741658
0.0739589
0.0786182
0.0872359
0.0975494
0.106758
0.112417
0.113103
0.108711
0.100367
0.0900548
0.080074
0.0724747
0.0686065
0.0688528
0.0725815
0.0783321
0.0842382
0.0886117
0.0905061
0.0900359
0.0883169
0.0870292
0.0877372
0.0911933
0.0968962
0.103123
0.107471
0.107724
0.102728
0.0929481
0.0805161
0.0687055
0.0609612
0.059782
0.0658355
0.0776218
0.0918208
0.104251
0.111182
0.1106
0.102974
0.0911788
0.0795457
0.0723233
0.0720962
0.0787511
0.0894291
0.0995692
0.104719
0.102417
0.0933401
0.0811665
0.0711294
0.0678206
0.0731568
0.085397
0.0996996
0.110065
0.11188
0.103967
0.089189
0.0733126
0.0626003
0.0611821
0.0693608
0.0835838
0.0980813
0.107421
0.108807
0.103074
0.0939674
0.0861395
0.0828586
0.0845527
0.0888403
0.0919816
0.0909861
0.0852966
0.0771879
0.0706801
0.0695189
0.0752417
0.086301
0.0986843
0.107726
0.110207
0.105724
0.0966759
0.086961
0.0800761
0.0775804
0.0786622
0.0809624
0.0821556
0.081394
0.0798119
0.0798162
0.0835608
0.0914426
0.101457
0.109815
0.112595
0.107632
0.0957249
0.0805205
0.0671139
0.0599929
0.0612742
0.0700035
0.0827686
0.0952543
0.103962
0.10732
0.105782
0.101076
0.0951067
0.0891649
0.0837735
0.0791247
0.0756654
0.0743321
0.076189
0.081647
0.0897577
0.0981097
0.103566
0.103612
0.0976908
0.0877795
0.0777963
0.0719888
0.0730077
0.0805783
0.091453
0.100752
0.104136
0.0998243
0.0894881
0.0775765
0.0693794
0.0687096
0.0762455
0.0892474
0.102742
0.111625
0.11274
0.106017
0.0942457
0.0816817
0.0722364
0.0680817
0.0692016
0.0739087
0.0799201
0.0854133
0.0895998
0.0926507
0.0951465
0.0974499
0.0993797
0.100328
0.0996639
0.0971272
0.0929706
0.0878327
0.0824771
0.0775913
0.0737608
0.0715883
0.071793
0.0750915
0.0817912
0.0912644
0.101647
0.110089
0.113618
0.110336
0.100416
0.0863726
0.0723897
0.062883
0.060851
0.0667071
0.0781212
0.0909809
0.101066
0.105691
0.104575
0.0996122
0.0937329
0.0894641
0.0878794
0.0883696
0.0892495
0.0888179
0.086301
0.0822123
0.0779964
0.0752212
0.0748093
0.0767362
0.0802948
0.0846734
0.0894291
0.0945527
0.100096
0.105612
0.10981
0.110775
0.106801
0.0974591
0.0843065
0.0707138
0.0607775
0.0577495
0.0626673
0.073814
0.0873156
0.0986839
0.10463
0.104294
0.0993119
0.0927851
0.0877102
0.0856644
0.0863349
0.0880609
0.0890399
0.0884933
0.0871025
0.0864698
0.0879492
0.0915626
0.0956659
0.0976265
0.0952247
0.0880569
0.0781388
0.0692762
0.0654154
0.0687466
0.0785037
0.0911128
0.101709
0.106355
0.103879
0.0963968
0.0882453
0.0838361
0.0854726
0.092169
0.100066
0.104298
0.101435
0.091295
0.077203
0.0645747
0.0585088
0.0615168
0.0724078
0.0868348
0.0992622
0.105438
0.104191
0.0977221
0.0903195
0.0861878
0.0874429
0.0931755
0.0999764
0.103641
0.101225
0.0924924
0.0800969
0.068482
0.0620188
0.0632114
0.07172
0.0845747
0.0974187
0.106194
0.108551
0.104488
0.096075
0.0865128
0.0789342
0.0754106
0.0764684
0.0811793
0.0876741
0.0938283
0.0978922
0.0989164
0.0969052
0.0927067
0.0876949
0.08334
0.0807728
0.0804592
0.0820885
0.0847281
0.0872042
0.0885666
0.0884521
0.0871959
0.0856533
0.0848191
0.0854116
0.0875872
0.0908865
0.094417
0.0971805
0.0983988
0.0977021
0.0951431
0.0911006
0.0861783
0.0811483
0.0769075
0.0743733
0.0742802
0.0769096
0.0818647
0.0880372
0.0938652
0.0978448
0.0990988
0.0977298
0.0947614
0.0916577
0.0896268
0.0890353
0.0892455
0.0889979
0.0871835
0.0836112
0.0793285
0.0762614
0.0762963
0.0802468
0.0872433
0.0949037
0.100277
0.101169
0.0972275
0.0902352
0.0833749
0.0797681
0.0809728
0.0861936
0.0926238
0.0967815
0.0962127
0.0907448
0.0826662
0.0757039
0.0732608
0.0767613
0.0849226
0.0943192
0.100971
0.102195
0.0978313
0.0902651
0.0832269
0.0799679
0.0817037
0.0870906
0.0929738
0.096016
0.0943819
0.0886434
0.0814705
0.076284
0.0755627
0.0796522
0.0866506
0.0933979
0.0970544
0.0964735
0.0926807
0.0882283
0.0857808
0.0866862
0.0902806
0.0942711
0.0959733
0.0937621
0.0879972
0.0809476
0.0757331
0.0747967
0.0786808
0.085738
0.0929178
0.097224
0.0971042
0.0931031
0.0874945
0.0831073
0.0819461
0.0842815
0.0886432
0.0926786
0.0944057
0.0932034
0.0900418
0.0868642
0.0854736
0.0865242
0.0891584
0.0914853
0.0916471
0.0888954
0.0840915
0.0793497
0.0769989
0.078398
0.0832111
0.0895188
0.0947242
0.096813
0.0953375
0.0916184
0.0880425
0.0868003
0.0887
0.0926749
0.0962601
0.0968354
0.0930355
0.0856132
0.0772875
0.0715986
0.0712827
0.0769299
0.0865632
0.096372
0.102319
0.101926
0.0954375
0.08578
0.077316
0.0739299
0.0773162
0.0862259
0.0969902
0.105088
0.107087
0.102112
0.0921881
0.0813204
0.0737281
0.0720532
0.0763211
0.0840688
0.0915373
0.0953829
0.0941415
0.0888008
0.0822405
0.0778384
0.0779131
0.0827225
0.0904327
0.0980152
0.10262
0.102783
0.098943
0.0930583
0.0875577
0.0841615
0.0831576
0.0834781
0.0834991
0.0821095
0.0794576
0.0769711
0.07663
0.0798623
0.0866221
0.095135
0.102491
0.105861
0.103784
0.0969133
0.0878385
0.0800128
0.0762734
0.0776251
0.082855
0.0891553
0.0934511
0.0938075
0.0902724
0.0847957
0.0802879
0.0792617
0.0826675
0.0894405
0.0969454
0.102097
0.102642
0.0980437
0.0896343
0.0800308
0.0721296
0.068133
0.0689786
0.0743019
0.0827921
0.0926773
0.102113
0.109406
0.113132
0.112283
0.106503
0.0963915
0.0836792
0.0710768
0.0616711
0.0579998
0.0611433
0.0702316
0.0826295
0.0947929
0.1035
0.106972
0.105412
0.100723
0.0955391
0.0920132
0.0909125
0.0914071
0.0916315
0.0897482
0.0850113
0.0783212
0.071984
0.0687679
0.0706713
0.0779474
0.0888083
0.0999445
0.107673
0.109281
0.104067
0.0936593
0.0815175
0.0717574
0.0677463
0.0709484
0.0804105
0.0930469
0.104625
0.111152
0.110232
0.101936
0.0888665
0.075316
0.06581
0.0635206
0.0691171
0.080479
0.0934191
0.103214
0.106401
0.102125
0.0924774
0.0816505
0.0742568
0.073469
0.0797366
0.0906048
0.101728
0.108647
0.108572
0.101405
0.0896393
0.0772373
0.0680485
0.0644351
0.066664
0.0732282
0.0818122
0.0903381
0.0975709
0.103084
0.106766
0.108296
0.106985
0.102131
0.0937046
0.0829109
0.0722103
0.064637
0.0626472
0.0670157
0.0763511
0.0875487
0.0970448
0.102298
0.102767
0.0999071
0.0962062
0.0937857
0.0932871
0.0936286
0.0927661
0.0890555
0.0824647
0.0749354
0.0696307
0.0694006
0.0752246
0.0854565
0.0963456
0.103671
0.104717
0.099579
0.0910969
0.0834482
0.0800907
0.0820828
0.0876117
0.0929904
0.0946567
0.0911584
0.0840583
0.0772287
0.0748605
0.0791984
0.0891698
0.100643
0.108264
0.108034
0.0993627
0.0855243
0.0722254
0.0649568
0.0664306
0.0753534
0.0871304
0.0961666
0.0986578
0.0944923
0.0872768
0.0824242
0.0842409
0.0934826
0.106631
0.117304
0.119182
0.109111
0.0889039
0.0649452
0.0457024
0.0382599
0.0454173
0.0646091
0.0890496
0.110536
0.122663
0.12309
0.113957
0.100436
0.0882339
0.0812515
0.0803842
0.0837976
0.088299
0.0910155
0.0905812
0.0873874
0.0829694
0.0790161
0.0765946
0.0759462
0.0768109
0.0789323
0.08234
0.0872022
0.0933537
0.0998554
0.104976
0.106756
0.103956
0.0968791
0.0875808
0.0792341
0.0748733
0.0760549
0.0820699
0.0901282
0.0965012
0.0981482
0.0940831
0.0858357
0.0767912
0.070715
0.0701355
0.075299
0.0841471
0.093305
0.0996095
0.101452
0.0993274
0.0953706
0.0921758
0.0914731
0.0932909
0.0959808
0.0970829
0.0946116
0.088137
0.0791441
0.0705138
0.0653716
0.0658048
0.0719867
0.0820721
0.0929067
0.101243
0.104941
0.103659
0.0988022
0.0928015
0.088053
0.0859687
0.0865285
0.0884897
0.0901105
0.0900247
0.0878785
0.0844747
0.0813742
0.0801316
0.0815151
0.0850934
0.0893983
0.0925876
0.0932939
0.0912703
0.0875366
0.083934
0.0822618
0.0833964
0.0868382
0.0909341
0.093683
0.0937397
0.0911334
0.0873379
0.084613
0.0848848
0.0886833
0.0946791
0.100101
0.10191
0.0982343
0.0893862
0.0779611
0.0679015
0.0629155
0.0649493
0.0733888
0.0853283
0.0967805
0.104293
0.106261
0.103366
0.0979816
0.0928899
0.0899705
0.0894852
0.0902403
0.090458
0.0888573
0.085374
0.0811663
0.0779397
0.0769918
0.0785178
0.08156
0.084611
0.0865128
0.0871248
0.0873695
0.0886164
0.0917411
0.0963921
0.100913
0.103042
0.101082
0.094946
0.0864777
0.0787902
0.0748927
0.0762557
0.0820319
0.0893481
0.0945809
0.0950527
0.0903511
0.0826168
0.0756159
0.0730027
0.0765861
0.0854209
0.0961592
0.104507
0.107118
0.103068
0.0942272
0.0843896
0.0775678
0.0762413
0.0803542
0.0874839
0.0940508
0.096972
0.0949976
0.0891575
0.0821802
0.0771993
0.0763564
0.0799186
0.0862641
0.0926859
0.0966048
0.096641
0.0931095
0.0877859
0.0831026
0.081139
0.0828142
0.0875727
0.0936378
0.0986983
0.100751
0.0988032
0.093208
0.085543
0.0780915
0.0731029
0.0720645
0.0752148
0.0814594
0.0887425
0.0947693
0.0978345
0.0974353
0.0944104
0.090534
0.087721
0.0871833
0.0889002
0.0916467
0.0935785
0.0931242
0.0897816
0.0844414
0.0790671
0.075856
0.0762559
0.0802972
0.0865607
0.0927964
0.0968949
0.097745
0.0955945
0.091788
0.088062
0.0857562
0.0853088
0.0862382
0.0875654
0.0884118
0.0884309
0.0878588
0.0872111
0.0868653
0.0868135
0.0867315
0.0862997
0.0855494
0.0849866
0.085369
0.0872251
0.0903826
0.0938263
0.096049
0.0957815
0.0927291
0.0878877
0.0832083
0.0807225
0.0815372
0.0852079
0.0898479
0.0929839
0.09278
0.0890208
0.0833267
0.07845
0.0769736
0.0800392
0.0867366
0.094474
0.100182
0.101764
0.0990556
0.0937955
0.0886396
0.0857549
0.0857288
0.0873473
0.0883523
0.0867918
0.082255
0.0763114
0.0718677
0.0717329
0.077111
0.0868047
0.0975722
0.105516
0.107856
0.104205
0.0967126
0.0889786
0.0842952
0.0840733
0.0872217
0.0907809
0.0915087
0.0876432
0.0799538
0.0715388
0.066452
0.0678134
0.0762857
0.0896149
0.103448
0.113067
0.115253
0.109477
0.0979394
0.0845563
0.073431
0.0674658
0.0676221
0.0729923
0.081494
0.0907574
0.0987896
0.104232
0.106305
0.104687
0.0995053
0.0914546
0.0819154
0.0728705
0.0665145
0.0646158
0.0678714
0.0755612
0.0857084
0.0957273
0.103302
0.10712
0.107146
0.104362
0.100157
0.0956963
0.0915447
0.0876715
0.083767
0.079675
0.0756895
0.0725454
0.0711207
0.0720437
0.075427
0.080833
0.0874228
0.0941711
0.10005
0.104149
0.105769
0.104535
0.100561
0.0945866
0.0879412
0.0822532
0.0789293
0.0785938
0.0807481
0.0838815
0.0860935
0.0860164
0.0835911
0.0802449
0.0782947
0.0798069
0.0854421
0.0938634
0.102069
0.106605
0.105163
0.0977903
0.0870756
0.0771415
0.0718847
0.0732739
0.0804975
0.0903622
0.0987635
0.102526
0.10072
0.0948255
0.0877209
0.0820976
0.0791659
0.078345
0.078056
0.0771084
0.0758087
0.0760595
0.0802852
0.089714
0.102976
0.115928
0.123049
0.119941
0.105753
0.0842281
0.0626509
0.0490151
0.0486161
0.0616216
0.0827894
0.103579
0.115811
0.115235
0.103332
0.0864844
0.0729197
0.0688897
0.0758639
0.090002
0.104104
0.111084
0.107292
0.0941358
0.0772808
0.0639321
0.0595618
0.065617
0.0791915
0.0946629
0.106377
0.111025
0.108626
0.101834
0.0941438
0.0880399
0.0840675
0.0811882
0.0780613
0.0743672
0.0713103
0.07099
0.0750403
0.0833806
0.0938457
0.102974
0.107598
0.106419
0.100681
0.0935189
0.0882691
0.0866579
0.087895
0.0892054
0.0875475
0.0815932
0.0728671
0.0653487
0.0636238
0.0704599
0.0850344
0.102794
0.117157
0.122343
0.116026
0.100494
0.0817329
0.0668487
0.0610301
0.0654707
0.0771474
0.0904607
0.0998821
0.102336
0.0982443
0.090861
0.0843668
0.0817523
0.0835453
0.0879237
0.0920085
0.0935313
0.0919536
0.0885014
0.0852262
0.0837195
0.0842398
0.0857195
0.0865978
0.0859505
0.0842113
0.0830145
0.0842126
0.0886294
0.0952898
0.101618
0.104564
0.102122
0.0944432
0.0839568
0.0743888
0.0691361
0.0698087
0.0756494
0.0840721
0.0919743
0.0971121
0.09886
0.0980558
0.0961346
0.094115
0.0920515
0.0892666
0.0851852
0.0801962
0.0759125
0.0745534
0.0777201
0.0852431
0.0948125
0.102729
0.105526
0.101694
0.0926078
0.0820856
0.0747044
0.0736513
0.0791705
0.0883928
0.0966763
0.0998365
0.0961932
0.0874191
0.0777541
0.0719614
0.0730337
0.080779
0.0919577
0.101864
0.106539
0.104518
0.0973074
0.0884316
0.0816078
0.0790077
0.0804622
0.0839317
0.0868776
0.0877118
0.0865288
0.0847895
0.0842369
0.0857223
0.0886371
0.0912792
0.0919439
0.0900797
0.0867744
0.0842183
0.0844134
0.0878806
0.0931491
0.0973895
0.0979215
0.0938099
0.0866463
0.0799779
0.0775576
0.0812631
0.0898012
0.0989836
0.103592
0.100008
0.0883049
0.0726623
0.0597615
0.0558289
0.0636976
0.0812877
0.10227
0.118691
0.124422
0.117831
0.10243
0.0851564
0.0731568
0.0706081
0.0770352
0.0878216
0.0965925
0.0983194
0.0916842
0.0795969
0.0676812
0.0615503
0.0642394
0.0749754
0.0897281
0.103148
0.110926
0.111489
0.106302
0.0987538
0.0922887
0.0888041
0.0880695
0.0883133
0.0875062
0.0845966
0.0800765
0.0756604
0.0733161
0.0741964
0.078045
0.083371
0.0882615
0.0913615
0.0924792
0.0925153
0.0928029
0.09426
0.0968225
0.0994413
0.100615
0.0991675
0.0948688
0.0886003
0.0819985
0.0767812
0.0740978
0.0741987
0.0765219
0.0800879
0.0839637
0.0875624
0.0906629
0.0932147
0.0951145
0.0961273
0.0959915
0.0946095
0.092195
0.0892888
0.0866246
0.0848789
0.0844103
0.0851229
0.0865361
0.0880137
0.0890088
0.0892146
0.0886058
0.0874143
0.0860583
0.0850238
0.084711
0.0852931
0.0866371
0.0883112
0.0896951
0.090201
0.0895625
0.0880669
0.0865576
0.0861199
0.0875326
0.0907442
0.0946698
0.0974897
0.0973985
0.0935208
0.0865617
0.0788023
0.0733074
0.0726042
0.0774232
0.0861469
0.0953249
0.10111
0.101002
0.0950934
0.0861722
0.0785452
0.076051
0.080174
0.0891919
0.0988402
0.104263
0.102362
0.0934109
0.0810986
0.0709204
0.067637
0.0730073
0.0848804
0.0981035
0.106858
0.107349
0.0995784
0.0873179
0.0762928
0.0714452
0.0746199
0.0837855
0.0941317
0.100476
0.0997936
0.0926401
0.0827939
0.0753275
0.0740856
0.0798188
0.0898712
0.0995404
0.104396
0.10239
0.09472
0.0850849
0.0777747
0.0756097
0.0787435
0.0848583
0.0905664
0.0932306
0.0922395
0.0890992
0.086365
0.0860527
0.0884318
0.0918694
0.093802
0.0922913
0.0872778
0.0808108
0.0760972
0.0758621
0.0808813
0.0894568
0.0981341
0.103337
0.103105
0.0980224
0.0908474
0.0850194
0.082854
0.0843689
0.0873473
0.0886088
0.0858501
0.0791174
0.071112
0.0660909
0.0678412
0.0776991
0.0935872
0.11057
0.12272
0.125484
0.117539
0.101322
0.082057
0.0657244
0.0568787
0.0571976
0.0652648
0.0775122
0.0897822
0.098807
0.103065
0.102819
0.0995196
0.0949402
0.0904894
0.0869235
0.084449
0.0829993
0.082455
0.0827152
0.0836658
0.0851368
0.0869028
0.0887323
0.0904533
0.0919804
0.0932622
0.0941708
0.0944345
0.0937079
0.0917738
0.0887554
0.0851846
0.0818576
0.0795311
0.0786113
0.0790088
0.0802565
0.0818416
0.0835666
0.0857066
0.0888307
0.0933372
0.0989432
0.104444
0.107967
0.107686
0.102702
0.0936373
0.0826274
0.0726347
0.0663681
0.0652673
0.0690101
0.0757737
0.0831176
0.0890532
0.0927774
0.0947395
0.0960616
0.0976619
0.0995746
0.100851
0.100107
0.0964213
0.090067
0.0826542
0.076568
0.0739649
0.075808
0.0814023
0.0886597
0.0949712
0.0982666
0.0977512
0.0940035
0.0884812
0.0827887
0.0781192
0.0751122
0.074076
0.0753099
0.0792093
0.0859896
0.0951428
0.104998
0.112816
0.115603
0.111412
0.100509
0.0857339
0.0717127
0.0631418
0.0628342
0.0704096
0.0822921
0.0931423
0.0981864
0.0954132
0.0865823
0.076499
0.0708376
0.0734969
0.084698
0.100706
0.115325
0.122536
0.119088
0.105891
0.0875818
0.0705276
0.0602055
0.0591452
0.0662634
0.0777516
0.0889815
0.0964795
0.0990798
0.0978356
0.0949186
0.092212
0.0903755
0.0888225
0.0865117
0.0830023
0.079105
0.0767095
0.077846
0.0834737
0.0926589
0.102637
0.109815
0.111283
0.106114
0.0958152
0.0837095
0.0735619
0.0680845
0.0679835
0.0719269
0.077394
0.081971
0.0844579
0.0852685
0.0859838
0.0883519
0.0932581
0.100148
0.107136
0.111727
0.111835
0.106659
0.0970433
0.085205
0.0739927
0.0659935
0.0628064
0.0646747
0.0705446
0.0784896
0.0863503
0.0923795
0.0957052
0.0964938
0.095777
0.0949809
0.0952885
0.0970636
0.0995938
0.101311
0.100446
0.0958633
0.0877465
0.0778017
0.0688405
0.0638262
0.0647331
0.071695
0.0828301
0.0948459
0.10419
0.108287
0.106383
0.0996661
0.0906862
0.0823397
0.0768951
0.0754214
0.0777455
0.0828033
0.089115
0.0951582
0.0995607
0.101197
0.0993345
0.0939166
0.0858679
0.0771927
0.0706178
0.0687417
0.0729381
0.0824967
0.0944963
0.104657
0.108965
0.10544
0.0952236
0.0823687
0.07229
0.0694496
0.0753025
0.0874774
0.100657
0.108845
0.10804
0.0981022
0.0829263
0.0687983
0.061652
0.0644702
0.0760163
0.0914625
0.104598
0.110577
0.107936
0.0989721
0.0883848
0.0808931
0.0790385
0.0822192
0.0873451
0.090682
0.0898917
0.0852328
0.079347
0.0757876
0.0770814
0.0833457
0.0921738
0.0998267
0.103089
0.100826
0.0944555
0.0871415
0.0821568
0.0812761
0.0840176
0.0880859
0.0907359
0.0903031
0.0870794
0.0830817
0.080868
0.0820639
0.086406
0.0918178
0.095485
0.0953627
0.0913164
0.085275
0.0802882
0.0789729
0.0821666
0.0884939
0.0950585
0.0988903
0.0984048
0.0941397
0.0884062
0.0840365
0.0828881
0.0849026
0.0882234
0.0902902
0.0893017
0.0852587
0.0800412
0.0764788
0.0768784
0.0817566
0.0894446
0.0968138
0.100789
0.0998807
0.0949312
0.0886947
0.0844484
0.0843396
0.0882761
0.0939135
0.0977732
0.0969803
0.090784
0.0810948
0.0717457
0.066808
0.0687454
0.0772486
0.0892738
0.100277
0.106124
0.104837
0.0974189
0.0873846
0.0792327
0.0765353
0.0804541
0.0892777
0.099144
0.105636
0.105593
0.0984053
0.0862805
0.0734037
0.0643533
0.0623864
0.0682412
0.0798951
0.0933505
0.10413
0.108906
0.106647
0.0988706
0.0889413
0.0806893
0.0769245
0.0784292
0.0838175
0.0902735
0.0948265
0.0956123
0.0925912
0.0874368
0.0826749
0.0804951
0.0817879
0.085827
0.0906993
0.0942365
0.094998
0.0928479
0.0888794
0.0847731
0.0819573
0.0810213
0.081657
0.0830906
0.0846958
0.0864
0.088634
0.091857
0.0959543
0.0999191
0.102093
0.100928
0.0958946
0.0880383
0.0797915
0.0740392
0.072822
0.0763059
0.0825858
0.0885114
0.0912064
0.0895442
0.0848112
0.0801639
0.0790894
0.0835882
0.0929656
0.103873
0.111678
0.112589
0.105522
0.0927632
0.0790434
0.0694472
0.0671656
0.0721399
0.0812102
0.0896889
0.0936241
0.091675
0.085676
0.0796021
0.0774688
0.081247
0.0898359
0.0995776
0.106035
0.106157
0.0997781
0.0897217
0.0804422
0.0758954
0.0776913
0.0844241
0.0924576
0.0977228
0.0976312
0.0921979
0.0838901
0.0763419
0.072617
0.07388
0.0790838
0.0857318
0.0912387
0.0941586
0.0946788
0.0942028
0.0943266
0.095812
0.098114
0.0996863
0.0988565
0.094773
0.0879247
0.0799912
0.073141
0.069169
0.0689019
0.072113
0.077878
0.0850723
0.0926905
0.0998514
0.105603
0.108793
0.108244
0.103261
0.0942435
0.0830211
0.0725678
0.0660715
0.0656934
0.0715964
0.0817498
0.0926673
0.100786
0.103882
0.101869
0.0966199
0.0909006
0.0869722
0.0855705
0.0857802
0.0858244
0.0843021
0.0811706
0.0779171
0.0767985
0.0795409
0.0861991
0.0948234
0.102176
0.105185
0.10243
0.0948998
0.0856184
0.0782986
0.0756579
0.0782211
0.0841834
0.0903711
0.0938014
0.093071
0.0889173
0.083727
0.0802871
0.0804361
0.084281
0.0903047
0.0961974
0.0999142
0.100424
0.0978604
0.0931216
0.0872689
0.0811309
0.0753527
0.070761
0.0686331
0.0704913
0.0773682
0.0888942
0.102759
0.115007
0.121279
0.118597
0.106905
0.0895106
0.0720346
0.0602245
0.0575987
0.0640016
0.075759
0.0874083
0.0942483
0.0945144
0.0900931
0.0853883
0.0848936
0.0906978
0.101186
0.111615
0.116338
0.111642
0.0978001
0.0792772
0.0629098
0.0549075
0.058101
0.0707192
0.0872425
0.100912
0.10672
0.103485
0.0940773
0.0837667
0.0775852
0.0780242
0.0841288
0.0923117
0.0983658
0.0996078
0.0960694
0.0901967
0.0853206
0.0837956
0.0858165
0.089492
0.0920552
0.0914993
0.0877291
0.0826
0.0788392
0.078467
0.0816153
0.0864146
0.0900227
0.0902499
0.0869046
0.0821027
0.079307
0.081523
0.0895572
0.101258
0.112199
0.117537
0.114193
0.102326
0.0853956
0.0687944
0.0576899
0.0550514
0.0607148
0.0718108
0.0842462
0.0944701
0.100694
0.103083
0.102995
0.10183
0.100159
0.0975973
0.0934059
0.0874041
0.0805985
0.0750796
0.0731515
0.0761205
0.0834053
0.0925006
0.0998924
0.102541
0.0992531
0.0912899
0.0818955
0.0749217
0.0731596
0.0771341
0.0849083
0.092975
0.0978229
0.0974736
0.0923188
0.0849126
0.0788407
0.0771735
0.0811669
0.0897309
0.0998506
0.107755
0.110351
0.106354
0.0967097
0.084197
0.072406
0.0645264
0.0623768
0.0659803
0.0737575
0.083203
0.0917755
0.0976961
0.100394
0.100464
0.0992002
0.0979077
0.0973038
0.0972319
0.0967948
0.0948448
0.0906281
0.0842998
0.0770622
0.0708401
0.0676152
0.0686842
0.0741324
0.0827265
0.0922793
0.100351
0.105015
0.1054
0.10184
0.0956382
0.0885946
0.0824823
0.0786289
0.0776898
0.0796083
0.0837015
0.0888089
0.093499
0.0963615
0.096392
0.0933813
0.0881437
0.0824137
0.078339
0.077688
0.0810607
0.0874654
0.0945175
0.0992769
0.0994452
0.0944395
0.0858417
0.0769467
0.0715167
0.0722261
0.0794542
0.0909718
0.102704
0.110294
0.110833
0.104023
0.0922744
0.0797034
0.0704852
0.0672801
0.0703776
0.0778514
0.0865662
0.0935336
0.0970171
0.0969505
0.094576
0.0915809
0.0892191
0.0878602
0.0871236
0.0864232
0.0855414
0.0848782
0.0852218
0.0871723
0.0905656
0.0942761
0.0965839
0.0959707
0.0919538
0.0855255
0.0789296
0.074804
0.0750235
0.0797786
0.0873639
0.0948238
0.0991798
0.0987037
0.0936936
0.086422
0.080229
0.0780908
0.0812737
0.0887027
0.0973521
0.103477
0.104156
0.0985193
0.0881897
0.0767423
0.0683601
0.0662108
0.0712028
0.0816176
0.0937517
0.103317
0.107066
0.104019
0.0957778
0.0858296
0.0781199
0.0754976
0.0786236
0.0857616
0.0935443
0.0984173
0.0981568
0.092799
0.0846025
0.0770863
0.0735559
0.0757054
0.0828752
0.0923122
0.100346
0.10395
0.101959
0.0954391
0.0871229
0.0802135
0.0770686
0.0782994
0.0826609
0.0877676
0.0912686
0.091889
0.0898521
0.0865661
0.0838259
0.0829616
0.0843186
0.0872589
0.0906239
0.0933736
0.095034
0.0957144
0.09574
0.0951982
0.0937417
0.0908059
0.0861253
0.0802313
0.0745866
0.071178
0.0716811
0.0765841
0.0847418
0.093649
0.100379
0.102798
0.10051
0.095053
0.0891906
0.0856055
0.0856265
0.08864
0.0924676
0.0944967
0.0930083
0.0880697
0.0815603
0.0762863
0.0745988
0.0772212
0.0829055
0.0890876
0.0931779
0.0938169
0.0914799
0.0881487
0.0862163
0.0871787
0.090794
0.0951732
0.0977757
0.0967928
0.0921867
0.0858267
0.0806289
0.0791145
0.0821028
0.0881968
0.0943444
0.0972436
0.09494
0.0878494
0.0786837
0.0712924
0.0689602
0.0729596
0.0820062
0.0928325
0.101599
0.105507
0.103905
0.0983961
0.0919578
0.0875164
0.0866613
0.0890514
0.0927098
0.0950091
0.0938804
0.0887195
0.0806395
0.0720292
0.0656649
0.0637502
0.0672197
0.075501
0.0867565
0.0984615
0.108092
0.113712
0.114363
0.110216
0.102482
0.0930831
0.0841388
0.0774127
0.0738821
0.0735553
0.0755919
0.0786865
0.0815933
0.0835862
0.0846617
0.0853975
0.0865516
0.0886053
0.0914709
0.0944913
0.0967173
0.0973274
0.0959987
0.0930691
0.0894342
0.0862356
0.0844761
0.0846982
0.0868118
0.0900879
0.0933089
0.0950536
0.0940913
0.0898229
0.082659
0.0741813
0.0669297
0.0637435
0.0667722
0.0764821
0.0910972
0.106822
0.118916
0.123334
0.118338
0.10536
0.0886586
0.0737541
0.0652799
0.0651541
0.0718952
0.081404
0.0888998
0.0911586
0.0880067
0.0823191
0.0784796
0.0800456
0.0877756
0.0990215
0.10883
0.112283
0.10698
0.0944118
0.0794917
0.0683777
0.0656154
0.071984
0.0841092
0.096062
0.102206
0.0999244
0.0908824
0.0801812
0.0738102
0.0756379
0.08541
0.0987426
0.109153
0.111175
0.103045
0.0876206
0.0711024
0.0602027
0.0591617
0.0679998
0.0827583
0.0975206
0.107175
0.109551
0.105919
0.0997427
0.094483
0.0916955
0.0904426
0.08826
0.0830733
0.0749256
0.066476
0.0618993
0.0647159
0.0756946
0.0919804
0.108003
0.117825
0.117836
0.108439
0.0938629
0.0801767
0.0724708
0.0726176
0.0786735
0.086163
0.0905488
0.0896058
0.0844831
0.078934
0.0771592
0.0814218
0.0906891
0.101015
0.107483
0.106716
0.0986609
0.0866887
0.075968
0.0709451
0.0732301
0.0809356
0.0897658
0.0952716
0.0951151
0.0901868
0.0840138
0.0807889
0.0830643
0.0903121
0.0990958
0.104771
0.103855
0.095859
0.0836461
0.072141
0.0660492
0.0677239
0.0761937
0.0877589
0.0978045
0.102912
0.102249
0.0975979
0.0921261
0.0886001
0.088015
0.0893002
0.0901621
0.0885441
0.0839069
0.0776635
0.0725612
0.0713442
0.0753902
0.0839995
0.0946518
0.104047
0.109394
0.109355
0.104304
0.0959122
0.0863793
0.077741
0.0715005
0.0685986
0.0695108
0.0742398
0.0821308
0.0916629
0.100498
0.106
0.106161
0.100568
0.0908905
0.0805092
0.0733341
0.0722357
0.0777671
0.0877728
0.0981516
0.104528
0.104131
0.0970239
0.0860887
0.0757875
0.0702623
0.0716208
0.0791297
0.0896222
0.0988981
0.103465
0.101855
0.0950062
0.0856653
0.0771999
0.072364
0.0724898
0.0773165
0.0853634
0.0945478
0.102738
0.10811
0.109374
0.105983
0.0983349
0.087875
0.0769241
0.0681738
0.0638979
0.065131
0.0711925
0.0798743
0.0883139
0.0941981
0.0967173
0.0967893
0.0964176
0.0974806
0.100549
0.104367
0.106334
0.103845
0.0958215
0.0836307
0.0708267
0.0617602
0.0596753
0.065208
0.0760286
0.0878426
0.0963171
0.0990343
0.0965182
0.0918043
0.0887507
0.089948
0.0953077
0.102056
0.10614
0.104351
0.0960922
0.0839044
0.0724195
0.0662299
0.0677054
0.0758511
0.0867762
0.0955451
0.0985128
0.0950153
0.0875997
0.0806808
0.0782872
0.0820204
0.0902489
0.0989283
0.103622
0.101718
0.093755
0.0832363
0.0750147
0.0730275
0.0784409
0.0890651
0.100301
0.10717
0.106482
0.0981671
0.0852159
0.0723443
0.0640611
0.0629839
0.0690498
0.0798245
0.091658
0.101123
0.106121
0.106267
0.102577
0.0967685
0.0905866
0.0853888
0.0820155
0.0808283
0.0817744
0.0843984
0.0878292
0.0908588
0.0922167
0.0910234
0.0872483
0.0819292
0.0769707
0.0745197
0.0761171
0.0819698
0.090685
0.0996364
0.105865
0.107172
0.102982
0.0946165
0.0848709
0.0770293
0.0736885
0.0758156
0.082384
0.0907263
0.0974922
0.0998833
0.0967182
0.0889258
0.0792743
0.0714153
0.068566
0.072283
0.0817792
0.0940823
0.105044
0.110864
0.109542
0.101681
0.0902718
0.0795384
0.0732675
0.0733087
0.0788775
0.0869751
0.0937544
0.0962331
0.0935826
0.0874131
0.0809361
0.0774137
0.078626
0.0840741
0.0912799
0.0970256
0.0989217
0.0965269
0.0914612
0.0864707
0.0839557
0.0847464
0.0877582
0.0906824
0.0913215
0.0888561
0.0843646
0.0802979
0.0791557
0.0820571
0.0879932
0.0942203
0.0976404
0.0964606
0.0912341
0.0846929
0.0804042
0.080906
0.0862722
0.0938842
0.0996075
0.0998591
0.0935433
0.0828409
0.0723797
0.06713
0.0700216
0.0804427
0.0943771
0.106161
0.111043
0.10733
0.097077
0.0850202
0.0763099
0.0741434
0.0784223
0.0860355
0.0925809
0.0946321
0.0913899
0.0849024
0.0788239
0.0764434
0.0790407
0.0853742
0.0924836
0.0973197
0.0983174
0.096075
0.0927981
0.0908486
0.0912524
0.0930456
0.0938583
0.0914175
0.0851109
0.0766961
0.069702
0.0677652
0.0727235
0.0834475
0.0960689
0.105597
0.108201
0.103046
0.092739
0.0821348
0.0760539
0.0770228
0.0841131
0.0934331
0.100037
0.100331
0.0938111
0.0833048
0.0736307
0.0693534
0.0726992
0.082574
0.0950828
0.105259
0.109176
0.1055
0.0958393
0.0838692
0.0737261
0.0684318
0.0689916
0.0744211
0.0825126
0.0908577
0.0976335
0.101902
0.103474
0.102583
0.0996242
0.0950788
0.0895763
0.0839467
0.0791309
0.075945
0.0748228
0.0756968
0.0780966
0.0814172
0.085197
0.0892301
0.0934227
0.0974848
0.100699
0.102002
0.10043
0.0957129
0.0886923
0.0812712
0.0758248
0.0742675
0.0771788
0.0834411
0.0906348
0.0960539
0.0978604
0.0958222
0.0912932
0.0864695
0.0832936
0.0825515
0.0836243
0.0850238
0.0853998
0.0844278
0.0830592
0.0829893
0.085629
0.0911282
0.0979945
0.103579
0.105258
0.101746
0.0938356
0.084163
0.0760917
0.0722574
0.0734658
0.0784537
0.0846054
0.0892541
0.0909036
0.0897697
0.0874268
0.0858292
0.086265
0.0887775
0.0922994
0.095358
0.0969001
0.0967457
0.0954309
0.0936077
0.0914518
0.0885191
0.0841976
0.0785017
0.0726757
0.0690956
0.0703213
0.0776733
0.0900783
0.103902
0.114057
0.116055
0.108134
0.0924168
0.0743968
0.0608254
0.0568952
0.0640134
0.0792031
0.0964158
0.10917
0.113325
0.108722
0.0989249
0.0892281
0.0839277
0.0842509
0.0879624
0.0908058
0.088997
0.0814591
0.0706384
0.0614801
0.0590707
0.0660993
0.0813683
0.100092
0.115881
0.123489
0.121
0.110422
0.0964848
0.0843543
0.0774077
0.0760852
0.0782237
0.0805709
0.0806495
0.0780123
0.0742977
0.0721609
0.0737468
0.0795447
0.0881757
0.0971245
0.103945
0.10727
0.10713
0.104505
0.100498
0.0956821
0.0900265
0.0834038
0.0762865
0.0701097
0.0669549
0.0686172
0.0755183
0.0860868
0.0970478
0.104619
0.106113
0.101168
0.0919786
0.0823599
0.076097
0.0753477
0.0798271
0.0871177
0.0939214
0.0976333
0.0974531
0.0944993
0.0909436
0.0887077
0.0884515
0.0893461
0.0896819
0.0879466
0.0837979
0.0784053
0.0739642
0.07264
0.075517
0.0820948
0.0905424
0.0985057
0.104027
0.106138
0.104909
0.101061
0.0954594
0.0888527
0.0819526
0.0757027
0.071399
0.0704231
0.0736038
0.0805228
0.0892374
0.0967659
0.100278
0.0984684
0.0923766
0.0851343
0.0806283
0.0816388
0.0883217
0.0978381
0.105457
0.106735
0.0997678
0.086367
0.0715043
0.061214
0.0599067
0.0683472
0.0832578
0.0987631
0.10902
0.110782
0.104664
0.0945347
0.0854027
0.0809077
0.0816844
0.0853953
0.0883489
0.0877878
0.0835748
0.0783446
0.0760252
0.0795199
0.0887932
0.100436
0.109055
0.109895
0.101379
0.0862153
0.0704229
0.0606905
0.0613235
0.0722345
0.0889218
0.104472
0.112677
0.110794
0.100637
0.087501
0.0775122
0.0747392
0.0794555
0.0883018
0.0961591
0.0987432
0.0946266
0.0857463
0.0762548
0.0704032
0.0705637
0.0763356
0.0850662
0.0933898
0.098902
0.10108
0.101038
0.100389
0.0999709
0.0992425
0.0966971
0.0910431
0.0824197
0.0728732
0.0657162
0.0640195
0.0690009
0.0791872
0.0908687
0.0997101
0.102758
0.0998327
0.0935702
0.0880499
0.0866779
0.0903798
0.0970345
0.102481
0.102645
0.0957398
0.0834214
0.07027
0.0618142
0.0620093
0.0713484
0.0864947
0.101629
0.110922
0.111016
0.102385
0.0890081
0.0765431
0.0698932
0.0712423
0.0793688
0.0904359
0.0998039
0.103999
0.101985
0.0952764
0.086993
0.0803924
0.0775756
0.0788691
0.0830238
0.0879985
0.0918892
0.0935889
0.0929744
0.0906698
0.0876184
0.084708
0.0825839
0.0816323
0.0820337
0.0837912
0.0866993
0.0902902
0.0938346
0.0964716
0.0974603
0.096454
0.0936577
0.0897866
0.0858455
0.082817
0.0813679
0.081667
0.0833709
0.0857684
0.0880088
0.0893322
0.089264
0.0877657
0.0853133
0.08284
0.0815
0.0822876
0.0856231
0.0910604
0.0972649
0.102341
0.104452
0.102523
0.0967389
0.0885872
0.0803981
0.0745136
0.0724245
0.0742526
0.0788139
0.0842135
0.088664
0.091142
0.0916231
0.0908585
0.0898544
0.0893358
0.08947
0.0899754
0.0904986
0.0909656
0.0916376
0.092821
0.0944288
0.0957155
0.095433
0.0924285
0.0864351
0.0786172
0.0714665
0.0679317
0.0700874
0.0779661
0.089192
0.0997235
0.105484
0.104197
0.0965555
0.0861159
0.0778385
0.0758745
0.0815838
0.09273
0.104297
0.110646
0.108086
0.096678
0.0804023
0.0655521
0.0580509
0.0608995
0.0728861
0.0891193
0.10314
0.109675
0.106819
0.0966957
0.0843445
0.0754113
0.073702
0.0796629
0.0903793
0.101004
0.106926
0.105697
0.0978944
0.0866442
0.0761424
0.0699233
0.0696141
0.0745998
0.0825861
0.0906891
0.0965283
0.0989001
0.0978743
0.0944382
0.0899599
0.0857282
0.0827009
0.0814423
0.082136
0.0845775
0.0881545
0.0919088
0.0947538
0.0958157
0.0947674
0.0919989
0.0885135
0.085539
0.0839918
0.0840538
0.0851045
0.0860652
0.0859741
0.0845005
0.0821617
0.0801515
0.0798447
0.082175
0.0871627
0.0938225
0.100491
0.105391
0.107161
0.105168
0.0995783
0.0912664
0.0816411
0.072438
0.0654784
0.0623771
0.0641916
0.0710514
0.0818908
0.094467
0.1058
0.113002
0.114226
0.109351
0.100064
0.0892618
0.0800179
0.0745132
0.073382
0.0757159
0.0796859
0.0834635
0.0859952
0.0872793
0.0880643
0.0891885
0.0909591
0.0929259
0.0941679
0.0939042
0.0920464
0.0893462
0.0870351
0.0861533
0.0869452
0.0886751
0.090003
0.0897477
0.0876271
0.0845336
0.0821348
0.0819688
0.0845123
0.0887553
0.0925775
0.0938002
0.0913999
0.0862314
0.0808144
0.0782016
0.0804382
0.0873751
0.0964811
0.103842
0.105951
0.101435
0.0918591
0.0811288
0.0737363
0.0726667
0.0779669
0.0866802
0.0942203
0.0965728
0.0922872
0.0832784
0.074009
0.0694199
0.0725984
0.0832883
0.0979229
0.111139
0.118057
0.116287
0.106775
0.0931473
0.0799636
0.0707672
0.0668807
0.0674286
0.0703983
0.0740408
0.0778105
0.0823625
0.0886707
0.0968391
0.10537
0.111428
0.112086
0.105922
0.094108
0.0803198
0.0693988
0.0653321
0.0694793
0.0799001
0.0921522
0.101236
0.103795
0.0995246
0.0911354
0.0829082
0.0785783
0.0795886
0.0845421
0.0900841
0.0927351
0.0907368
0.0849829
0.0785776
0.0752578
0.0774785
0.0851213
0.0954679
0.104452
0.10856
0.106442
0.0994432
0.0908184
0.0840541
0.0811485
0.0817234
0.083411
0.08331
0.0797451
0.0734034
0.0672396
0.0651576
0.0700787
0.0823033
0.098973
0.114961
0.124856
0.125175
0.115798
0.0999888
0.0830392
0.0701351
0.0643908
0.065866
0.0719493
0.0788653
0.083539
0.0849186
0.0841804
0.0838145
0.0861017
0.0917321
0.099242
0.105576
0.107533
0.103401
0.0939438
0.0822749
0.0726581
0.0687617
0.0721022
0.0813482
0.0928215
0.102015
0.105454
0.102072
0.0935213
0.0833643
0.0755353
0.0727424
0.07546
0.0819178
0.0890461
0.0939031
0.0949151
0.0924006
0.0882208
0.0847882
0.0839233
0.0860807
0.0902684
0.0946333
0.0973701
0.0974957
0.0951484
0.0913377
0.0873348
0.0840576
0.0817742
0.080246
0.0791628
0.0785596
0.0789339
0.0809731
0.0850279
0.0906346
0.0964078
0.10046
0.101208
0.0981687
0.092319
0.0857825
0.080959
0.0794839
0.0815104
0.0856795
0.0898199
0.0920465
0.0916955
0.0896006
0.0875553
0.0872331
0.0891344
0.092137
0.0939482
0.092307
0.0863696
0.0775473
0.0692694
0.065646
0.069575
0.0811651
0.0972737
0.112479
0.121164
0.119845
0.108732
0.0917695
0.0751107
0.0646307
0.0635538
0.0712068
0.0834242
0.094422
0.0993211
0.0962218
0.0869344
0.0760856
0.0690413
0.0695842
0.078326
0.092481
0.107035
0.116779
0.118326
0.1113
0.0982633
0.0835389
0.0715204
0.0651759
0.0652783
0.0705329
0.0784123
0.0862628
0.0922065
0.0955293
0.0965207
0.0959804
0.0946985
0.0931453
0.0914451
0.0895515
0.0874737
0.0854172
0.0837757
0.0829904
0.0833539
0.0848577
0.0871597
0.0896816
0.0917893
0.0929785
0.0930081
0.0919473
0.0901295
0.0880293
0.0861059
0.0846731
0.0838419
0.0835507
0.0836611
0.0840782
0.084837
0.086096
0.0880089
0.0905242
0.0932324
0.095391
0.0961661
0.0949991
0.0919271
0.0876918
0.0835583
0.0808758
0.0805324
0.0825407
0.0859815
0.0893801
0.091363
0.091277
0.0894696
0.0870969
0.0855473
0.0857499
0.0876979
0.0904383
0.0925481
0.0928589
0.0910525
0.0878245
0.0845413
0.0825685
0.0826085
0.0843883
0.0868701
0.0888734
0.0897546
0.0897447
0.0897386
0.0906502
0.092702
0.0950776
0.0961949
0.0945288
0.0895838
0.0824728
0.0757084
0.0721955
0.0738469
0.0804955
0.0897036
0.0976721
0.100914
0.0979354
0.0900987
0.081196
0.0758302
0.0772901
0.0858828
0.0985409
0.109968
0.114875
0.110324
0.0971185
0.0795973
0.0639052
0.0555049
0.0570189
0.0673121
0.0821494
0.0960676
0.104605
0.105933
0.101253
0.0938841
0.0875803
0.0849099
0.0863932
0.0906525
0.0953238
0.0982005
0.0980783
0.0949984
0.0899124
0.0840779
0.0785745
0.0741636
0.0714265
0.0709284
0.0731804
0.0783597
0.0859375
0.0944795
0.101858
0.105925
0.105423
0.100658
0.0935428
0.0868784
0.0831786
0.0835596
0.0872182
0.0917698
0.0943377
0.0929224
0.0874022
0.0796684
0.0728138
0.0697566
0.071943
0.0787166
0.0876287
0.0955305
0.0999325
0.0999981
0.0967367
0.0923647
0.0891912
0.0885669
0.0903595
0.0931582
0.0950628
0.0946443
0.0915963
0.0867915
0.0817897
0.0781031
0.0765901
0.0772266
0.079304
0.0819056
0.0843923
0.0866436
0.0889599
0.0917199
0.0949998
0.0983507
0.100848
0.101409
0.0992603
0.0943378
0.0874519
0.0801446
0.0743044
0.0716424
0.0731489
0.0786779
0.0868368
0.0952919
0.101446
0.103285
0.100129
0.0929787
0.0842918
0.0771388
0.0740302
0.0758878
0.0816388
0.0886545
0.0938931
0.0952838
0.0927363
0.0882553
0.0850114
0.0857335
0.0911725
0.0994166
0.106484
0.108034
0.10149
0.0875724
0.0704314
0.0562065
0.0505637
0.0562885
0.0719915
0.0925155
0.110916
0.121207
0.120681
0.110793
0.0962453
0.0827795
0.0747539
0.0735927
0.0776934
0.0836616
0.0881589
0.0894391
0.087878
0.0853492
0.0839002
0.0845222
0.0867057
0.088974
0.0899873
0.0894861
0.0884716
0.0885164
0.0906197
0.0943035
0.0975487
0.0977418
0.0932174
0.0845553
0.0748059
0.0683521
0.0688628
0.077327
0.0911858
0.105115
0.113236
0.11181
0.101101
0.0854424
0.0713763
0.0647111
0.0678869
0.078884
0.0922119
0.101543
0.102751
0.0958654
0.0849778
0.0761553
0.0744087
0.0811789
0.0935415
0.105529
0.110975
0.106527
0.0933409
0.0766277
0.0633045
0.0589179
0.0652623
0.0797195
0.0965368
0.109403
0.114106
0.110047
0.100017
0.0885141
0.0795634
0.0751317
0.0747884
0.0765935
0.0785837
0.0799798
0.0814629
0.0844423
0.0898226
0.0970376
0.103949
0.107717
0.106217
0.0992471
0.0888537
0.0785655
0.0718884
0.0708005
0.0749646
0.0820121
0.0887301
0.0925616
0.0926861
0.0901834
0.0872666
0.0860448
0.0874711
0.0909696
0.0948482
0.0972132
0.0968818
0.0938509
0.089145
0.0842115
0.0802465
0.0778273
0.0769981
0.0776588
0.0799114
0.0840582
0.0902042
0.0977128
0.104922
0.109425
0.108919
0.102294
0.0904372
0.0762832
0.0639773
0.0574217
0.0588043
0.0677396
0.0814066
0.0956415
0.106521
0.111739
0.111191
0.106585
0.100376
0.0945995
0.0901354
0.0866681
0.0832692
0.0792419
0.0747572
0.0709302
0.0693075
0.0710629
0.0763462
0.0841079
0.0924611
0.099387
0.103447
0.104192
0.102123
0.0983041
0.0938876
0.0897692
0.0864778
0.0842328
0.0830593
0.0828635
0.0834309
0.0843798
0.0851759
0.0853036
0.0845651
0.0833199
0.0824423
0.0829308
0.0853442
0.0893704
0.093784
0.0968642
0.0971414
0.0941691
0.0889313
0.0836007
0.080655
0.0817313
0.0867766
0.0939353
0.100256
0.102919
0.10046
0.0934216
0.0841435
0.0757435
0.0707896
0.0702937
0.0734895
0.078448
0.0831719
0.0865955
0.0889823
0.0915261
0.0953836
0.100688
0.106123
0.109349
0.108107
0.101462
0.0905507
0.0784078
0.0688702
0.0650244
0.0678865
0.0759401
0.0857699
0.093522
0.0965291
0.0943648
0.0888771
0.0832325
0.08044
0.0820263
0.0874333
0.0943771
0.0999657
0.102026
0.100006
0.0950605
0.0893599
0.085023
0.0831968
0.0836829
0.085229
0.0862938
0.0858843
0.0840425
0.0817508
0.0803429
0.080752
0.0830002
0.0861871
0.088977
0.090328
0.090082
0.0890972
0.0888311
0.0905591
0.0946009
0.0999485
0.104514
0.105937
0.102611
0.0944773
0.0832278
0.0718091
0.0634218
0.0603987
0.063408
0.0713025
0.0816604
0.0917551
0.0995071
0.104015
0.105515
0.104881
0.102987
0.100247
0.0965475
0.0916053
0.0855062
0.0790937
0.0739061
0.07162
0.0732446
0.0784803
0.0856114
0.0920721
0.0955022
0.0948336
0.0908691
0.0860072
0.0831666
0.0843745
0.089677
0.0969228
0.102592
0.103372
0.0977972
0.0871805
0.0753172
0.0670035
0.0659702
0.0731467
0.0860725
0.0997831
0.108845
0.109671
0.102081
0.0893924
0.0769875
0.0699864
0.071054
0.0793046
0.0907761
0.100252
0.103599
0.0995634
0.090211
0.0798788
0.0731646
0.0729061
0.0790374
0.0887731
0.0979631
0.102959
0.102135
0.0963908
0.0885069
0.0817385
0.0783936
0.0790345
0.082565
0.0870159
0.0905515
0.0921987
0.0920116
0.0907041
0.0890585
0.0874973
0.0860533
0.0846823
0.0836254
0.0834947
0.0849563
0.0881792
0.0924179
0.0960662
0.0972695
0.0948589
0.089144
0.0821025
0.0767429
0.075818
0.080444
0.0893221
0.0990357
0.105394
0.10526
0.0980307
0.0860693
0.0738431
0.0660978
0.0658613
0.0731636
0.0850534
0.0968951
0.104352
0.105163
0.0999475
0.0917176
0.0843817
0.0809663
0.082377
0.0872139
0.0926381
0.0958057
0.0951706
0.0910744
0.0854057
0.0805682
0.0783112
0.079005
0.0816702
0.0846671
0.0866363
0.087194
0.0870448
0.0874841
0.089572
0.0934221
0.0979725
0.101364
0.101757
0.0982269
0.0913143
0.0829623
0.0758319
0.0722857
0.0734757
0.0789029
0.0865921
0.093799
0.0979974
0.0978055
0.0935088
0.0869576
0.0808615
0.0777504
0.0789978
0.0842681
0.0915969
0.0981046
0.101114
0.0992556
0.0931055
0.0850534
0.078413
0.0760901
0.0793321
0.0870819
0.0962598
0.102926
0.103884
0.0980657
0.0870899
0.0747327
0.0655022
0.0628874
0.0680025
0.0791887
0.0927166
0.104261
0.110507
0.110233
0.104489
0.0958882
0.0874001
0.0812253
0.0782223
0.0780376
0.0797078
0.0823046
0.0852659
0.0883206
0.0911782
0.0932799
0.0938491
0.0922735
0.0886076
0.083851
0.0797337
0.0780143
0.0796081
0.084021
0.0894569
0.0936285
0.0949151
0.0932721
0.0903648
0.0887607
0.0905068
0.0957964
0.102473
0.106766
0.105021
0.0956557
0.0803362
0.0637193
0.0517518
0.0492211
0.0576399
0.0744504
0.0939704
0.109711
0.117043
0.114997
0.106387
0.0962462
0.0893525
0.0880417
0.0913283
0.0956931
0.0970768
0.0930479
0.0840681
0.0732697
0.0649074
0.0622982
0.0662906
0.0750048
0.0849195
0.0926841
0.0966868
0.0975801
0.0975437
0.0987352
0.101805
0.105324
0.106484
0.102732
0.0934453
0.080702
0.0686874
0.061952
0.0633445
0.0725984
0.0862745
0.0991401
0.106381
0.105624
0.0978256
0.0866769
0.0768567
0.0720132
0.0733809
0.0795956
0.0876708
0.0945595
0.0984819
0.0993985
0.0985191
0.0972614
0.0963101
0.0952887
0.0931661
0.0891097
0.0832591
0.0769439
0.0721864
0.0707401
0.0731968
0.0786666
0.0852131
0.0908027
0.0942498
0.0956493
0.0960841
0.0967913
0.0982662
0.0998205
0.0998779
0.0968914
0.0904033
0.081649
0.0733124
0.0684826
0.0692842
0.0758309
0.0860144
0.0962597
0.102944
0.10386
0.0990831
0.0908619
0.0826199
0.0775345
0.0772998
0.0815552
0.088167
0.0941952
0.097112
0.0957653
0.0907442
0.0840867
0.0785121
0.0764614
0.0792367
0.0864815
0.0961618
0.10508
0.109813
0.107849
0.0986104
0.0839896
0.0680913
0.0561053
0.0525787
0.0596714
0.0760745
0.097111
0.116147
0.126911
0.125852
0.113561
0.0945796
0.0756336
0.0630033
0.0601217
0.0664084
0.0778271
0.0889032
0.095254
0.0954417
0.091307
0.0867058
0.0853446
0.0888011
0.0956905
0.102374
0.104854
0.100897
0.0912872
0.0795543
0.0703167
0.0670906
0.0706787
0.0789171
0.0878696
0.0938378
0.0951565
0.0928669
0.0899381
0.0894702
0.0928512
0.0988612
0.104214
0.105267
0.100012
0.0893065
0.0766776
0.0667657
0.0631817
0.0668585
0.0757226
0.0858228
0.0933124
0.0962605
0.0953801
0.09333
0.0929926
0.095676
0.10024
0.103652
0.102688
0.0958788
0.0846298
0.0728745
0.0653695
0.0654367
0.0732755
0.0857204
0.0976168
0.104174
0.103149
0.0957983
0.0861321
0.0788815
0.0771878
0.0811745
0.0880922
0.0939193
0.0955542
0.0924457
0.086824
0.0824315
0.0824303
0.0875802
0.0956557
0.102444
0.10386
0.0981137
0.0868123
0.0743984
0.0661587
0.0657521
0.0734491
0.085941
0.0978332
0.104131
0.102536
0.0944533
0.0842494
0.0771336
0.0767061
0.0833146
0.0939539
0.103706
0.10802
0.104751
0.0950464
0.0827043
0.0724085
0.0677032
0.0696399
0.0766286
0.0854325
0.0927418
0.0965513
0.0967366
0.094666
0.0921733
0.0905032
0.0897793
0.0892098
0.0878295
0.0853065
0.0823398
0.0804156
0.0810419
0.0848602
0.0911114
0.0977652
0.102293
0.102734
0.0985582
0.0909144
0.0821813
0.075028
0.0714106
0.0719271
0.0757801
0.0813114
0.0868039
0.091146
0.094072
0.095951
0.097313
0.0983854
0.0988781
0.0981316
0.0955671
0.0911846
0.0857959
0.0808126
0.0776786
0.0772364
0.0793325
0.0828487
0.0861664
0.0878939
0.0875404
0.0857989
0.0842543
0.0846183
0.0878318
0.0934535
0.099644
0.103817
0.103735
0.0985895
0.0895506
0.0794882
0.0719339
0.0696881
0.0736399
0.0823086
0.0923512
0.0998842
0.102085
0.0983717
0.0906264
0.0823548
0.0771445
0.0770952
0.0819186
0.0891265
0.0952343
0.0974147
0.0948142
0.0889122
0.0827733
0.0795578
0.0809913
0.0865146
0.0935375
0.0986907
0.0994691
0.0954469
0.0884691
0.0817359
0.0782362
0.0792876
0.0838989
0.0892907
0.0923404
0.0912277
0.0864274
0.0805317
0.0769873
0.0783669
0.0850092
0.0946931
0.103541
0.107765
0.105428
0.0973622
0.0867929
0.0778642
0.073783
0.0754464
0.0811684
0.0876079
0.0914395
0.0909552
0.0868229
0.0816608
0.0786799
0.0800845
0.0859887
0.0943324
0.101807
0.10534
0.103451
0.0968444
0.088018
0.0801246
0.0756631
0.0755803
0.0791116
0.084323
0.0890338
0.0916856
0.0918104
0.0899785
0.0873585
0.0851763
0.0843215
0.0851894
0.087689
0.0913076
0.0951824
0.098207
0.0992252
0.0973425
0.0923155
0.0848839
0.0768357
0.0706278
0.0685868
0.0719644
0.0802709
0.0912318
0.101467
0.107676
0.107879
0.102196
0.0928036
0.0830863
0.0763284
0.0745018
0.077622
0.0838938
0.0905467
0.0949845
0.0957558
0.0929669
0.0880416
0.083032
0.0798199
0.0795034
0.0821273
0.0867757
0.0919382
0.095995
0.0976703
0.0963654
0.0923495
0.0867838
0.0815149
0.0785847
0.0795152
0.0845928
0.0924764
0.100397
0.105015
0.103694
0.0957345
0.082979
0.0694373
0.0599355
0.0582789
0.0656777
0.0801287
0.097067
0.111069
0.117921
0.116177
0.107537
0.0958916
0.0855192
0.0792978
0.0777341
0.0791885
0.0810823
0.0814222
0.0798545
0.0777326
0.0772092
0.0798789
0.0857233
0.0929392
0.0987572
0.100833
0.0984796
0.0930716
0.0873827
0.0841914
0.0848829
0.0887685
0.0934649
0.0961419
0.0950097
0.0902798
0.0840795
0.079342
0.0782568
0.0811117
0.0861382
0.0904327
0.0914768
0.0884856
0.0828905
0.0776855
0.0759436
0.0792526
0.086878
0.0960796
0.103408
0.106313
0.104261
0.0988173
0.0926971
0.0883075
0.0865556
0.0865423
0.0862685
0.0839409
0.07915
0.0732705
0.0688534
0.0683194
0.0726559
0.0808288
0.0902487
0.0980493
0.102481
0.103651
0.103203
0.103108
0.10426
0.105665
0.104773
0.098876
0.0869302
0.0708025
0.0551618
0.0458643
0.0474641
0.0609703
0.0829314
0.106392
0.123451
0.128401
0.120066
0.10229
0.082307
0.0677466
0.0635673
0.0702069
0.0836795
0.0975159
0.105661
0.105029
0.0966059
0.0847016
0.0748124
0.07114
0.0748591
0.0838207
0.0937165
0.100103
0.100342
0.0946165
0.0856519
0.0773864
0.073245
0.0747864
0.0812468
0.090076
0.0981193
0.102873
0.103298
0.0999548
0.094508
0.0889119
0.0846369
0.0822519
0.0814742
0.0815664
0.0818223
0.0819041
0.0819242
0.0823032
0.0835072
0.085783
0.0889889
0.0925807
0.0957582
0.0977148
0.0978895
0.0961332
0.0927467
0.0884053
0.0840079
0.0804809
0.0785767
0.0787161
0.0809181
0.0848169
0.0897255
0.0947132
0.0987058
0.100644
0.0997148
0.0956147
0.0887802
0.0804677
0.0726013
0.0673601
0.0665723
0.0710837
0.0803213
0.0922646
0.103927
0.112246
0.115058
0.111789
0.103576
0.0928133
0.0823157
0.0744132
0.0703097
0.069935
0.0722981
0.0761105
0.0803356
0.0844268
0.0882289
0.0916941
0.0946305
0.0966563
0.097404
0.0968408
0.0954487
0.0940676
0.0934246
0.0936072
0.0938181
0.0926312
0.088722
0.0817748
0.073099
0.0655272
0.0624692
0.0664375
0.0776878
0.0936487
0.109517
0.119903
0.120921
0.111867
0.0956841
0.0779534
0.0647532
0.0603024
0.065383
0.0771984
0.0906818
0.100665
0.103963
0.100498
0.0930169
0.0855982
0.0816946
0.0826292
0.0871952
0.092451
0.0952562
0.0937981
0.0884175
0.0813942
0.0758453
0.0742969
0.0776032
0.0846681
0.0930126
0.0998508
0.103161
0.102306
0.0980174
0.0918726
0.0855987
0.0805457
0.0774831
0.0766643
0.0779909
0.0811206
0.085464
0.0901393
0.0940316
0.0960608
0.0956102
0.0929055
0.089088
0.0858546
0.0847505
0.0864102
0.0901174
0.0939675
0.0956446
0.093512
0.0875141
0.0794337
0.072328
0.0693332
0.0723257
0.0810175
0.092908
0.10415
0.110984
0.111154
0.104718
0.0939574
0.0824491
0.0737193
0.0700281
0.0717374
0.0774339
0.0846733
0.0909861
0.094727
0.0954643
0.093839
0.0910692
0.0883794
0.0865871
0.0859423
0.0862088
0.0869114
0.08763
0.0881994
0.0887266
0.0894473
0.0905264
0.0919015
0.0932166
0.0938666
0.093169
0.0906487
0.0863457
0.0810013
0.0759921
0.0729732
0.0733083
0.077481
0.0847353
0.0931598
0.100268
0.103899
0.103086
0.0984952
0.0922125
0.0868978
0.0846395
0.0859995
0.0897043
0.0931763
0.0937158
0.089827
0.0820709
0.0730175
0.0662667
0.0649421
0.0703165
0.0811817
0.09425
0.105425
0.111403
0.110921
0.105111
0.0968196
0.0892559
0.0846121
0.0832978
0.0840789
0.0849642
0.0843578
0.0819065
0.0786402
0.0763628
0.0766362
0.079915
0.0852884
0.090929
0.0949769
0.0963981
0.0954044
0.0932464
0.0914888
0.0911481
0.092161
0.0934756
0.0936976
0.0919125
0.0882307
0.0837827
0.0801852
0.0787587
0.0798925
0.0828805
0.0863121
0.0888018
0.0896619
0.0891597
0.0882403
0.0878962
0.0885551
0.0898355
0.0908108
0.0906293
0.0891333
0.0870968
0.0858996
0.0867644
0.0899595
0.0944232
0.098075
0.0987236
0.0951696
0.0879643
0.0794022
0.0726606
0.0704253
0.0736466
0.0810441
0.0896274
0.0960045
0.0978875
0.0951125
0.0896968
0.0848716
0.0835187
0.0867496
0.0933176
0.100155
0.103785
0.10196
0.0947617
0.0846417
0.0753657
0.0703554
0.0712026
0.0770294
0.0849536
0.0914307
0.0938675
0.0917788
0.0869466
0.0825071
0.0814193
0.0850488
0.0925034
0.100982
0.106965
0.107725
0.102505
0.0928272
0.0818239
0.0729354
0.0685957
0.0694473
0.0743468
0.0810744
0.0873782
0.0918531
0.0942696
0.0952775
0.0957455
0.0961331
0.0962178
0.0952862
0.0926762
0.0883733
0.0832983
0.0790675
0.0773019
0.0788372
0.0832508
0.0889517
0.0938112
0.0960685
0.0951075
0.0917295
0.0877604
0.0851578
0.0850406
0.0871241
0.0898512
0.091185
0.0896991
0.085434
0.0800676
0.0762673
0.0764837
0.0817251
0.0908757
0.100915
0.10802
0.109129
0.103294
0.0921898
0.0795275
0.0696209
0.0657249
0.0688339
0.0774099
0.0881206
0.0972523
0.102169
0.102176
0.0984446
0.0931593
0.088372
0.0851637
0.0834575
0.0824841
0.0815689
0.080755
0.0808707
0.0829734
0.087489
0.0935769
0.099165
0.101747
0.0996149
0.0929215
0.0839534
0.0763543
0.0735483
0.0770723
0.0856449
0.0955019
0.101956
0.101539
0.0937596
0.0815915
0.0703733
0.0655244
0.0700696
0.0830985
0.0999061
0.113838
0.11909
0.113236
0.0983299
0.0800691
0.0653795
0.0595246
0.0639962
0.0760741
0.0901969
0.1005
0.103376
0.0988978
0.0904985
0.0831222
0.0807805
0.0846798
0.0927473
0.100703
0.10413
0.100565
0.0906661
0.0779432
0.0672235
0.0626032
0.0658232
0.0757324
0.0889537
0.10134
0.10953
0.111952
0.108962
0.102214
0.0937228
0.0851405
0.0775457
0.071669
0.0682298
0.0680371
0.0717066
0.0791355
0.0890751
0.0991544
0.106502
0.108789
0.105246
0.0971338
0.0873776
0.079439
0.0759087
0.0774572
0.0826314
0.088591
0.0924364
0.0925187
0.0891381
0.08432
0.0807859
0.0806176
0.084259
0.090324
0.0962687
0.099574
0.0988654
0.0944584
0.0881119
0.0821531
0.0784359
0.0776463
0.0792574
0.0820733
0.0850046
0.0876335
0.0902724
0.093508
0.0975057
0.101505
0.103867
0.10274
0.0970587
0.0873527
0.0759045
0.0661096
0.0612666
0.0632919
0.0718939
0.0845735
0.097492
0.106881
0.110406
0.107907
0.10123
0.0932888
0.0868332
0.083427
0.0830354
0.0843191
0.0854631
0.0851393
0.0831493
0.080465
0.0786897
0.0792359
0.0826094
0.0881036
0.094016
0.0982908
0.0993288
0.0966386
0.0910743
0.0845681
0.0794627
0.0776869
0.0800627
0.0859879
0.0936032
0.100383
0.103957
0.102888
0.0971881
0.0883698
0.0790041
0.0718807
0.069059
0.0711694
0.0772313
0.085048
0.0920147
0.096053
0.0963509
0.0936333
0.0898333
0.0872628
0.0876202
0.0912563
0.0969945
0.102555
0.105393
0.10364
0.0968073
0.086013
0.0736845
0.0628643
0.0563803
0.0561207
0.0625728
0.0746968
0.090133
0.105683
0.117967
0.124166
0.122725
0.11388
0.0997806
0.0840455
0.0707745
0.0632927
0.0630633
0.06919
0.0787427
0.087855
0.0932312
0.0934715
0.0896204
0.0846392
0.0819948
0.0839885
0.0905919
0.0993351
0.106331
0.10802
0.102871
0.0922353
0.0799036
0.0705074
0.067496
0.0716329
0.0807107
0.0906059
0.0971844
0.0981758
0.0941358
0.0880263
0.0836156
0.0835047
0.0877794
0.0939671
0.098317
0.0977723
0.0916602
0.0822374
0.0737631
0.0704941
0.0745626
0.0847912
0.097072
0.106173
0.108138
0.102131
0.090837
0.0792064
0.0721493
0.0722779
0.0787738
0.0879144
0.094989
0.0966584
0.0925887
0.085557
0.0799855
0.0796337
0.0855854
0.0955286
0.104725
0.108246
0.10341
0.091225
0.0761108
0.0640443
0.0599772
0.065699
0.0790773
0.0949983
0.107567
0.112559
0.109005
0.0992663
0.0877046
0.0786864
0.0748622
0.0764108
0.0814346
0.0871668
0.0913239
0.0929427
0.0923919
0.0907221
0.0888561
0.0871296
0.0854018
0.0835608
0.0819975
0.0816566
0.0835543
0.0880139
0.0940884
0.0996018
0.101944
0.0993351
0.0919428
0.0821912
0.0739664
0.0709792
0.0750148
0.0849107
0.0968097
0.105674
0.107459
0.100968
0.0885197
0.0750392
0.0659796
0.0649917
0.072386
0.085055
0.0978755
0.105959
0.10673
0.1009
0.0919124
0.0841938
0.0810666
0.0833014
0.0889349
0.0943729
0.0962146
0.0929179
0.0855282
0.0771554
0.0714935
0.0711117
0.0763153
0.0850689
0.0939701
0.0997838
0.10082
0.097541
0.0921635
0.0875179
0.0857266
0.0873091
0.0910687
0.094744
0.0960889
0.09389
0.0884876
0.081608
0.0756289
0.072632
0.0736447
0.0783397
0.0852446
0.0923215
0.097665
0.100065
0.0992717
0.095929
0.0912745
0.086724
0.08347
0.0821926
0.0829438
0.0852157
0.0881474
0.0907955
0.092401
0.0925854
0.0914228
0.0893601
0.0870246
0.0850063
0.0837003
0.0832533
0.0836022
0.0845589
0.0858829
0.0873113
0.0885674
0.0893998
0.0896724
0.0894562
0.0890524
0.0889095
0.0894477
0.0908399
0.0928262
0.0946811
0.0954276
0.0942682
0.0910407
0.0864364
0.0818215
0.0787014
0.078048
0.0798076
0.0828611
0.0855241
0.0863986
0.0851699
0.0829168
0.0817153
0.0836475
0.0896424
0.0987107
0.10802
0.113898
0.113386
0.105653
0.0925716
0.0781273
0.0668634
0.0620472
0.0643788
0.0718304
0.0806863
0.0873064
0.0897951
0.08878
0.0869054
0.0872756
0.0916426
0.0992863
0.107184
0.111403
0.109047
0.0998192
0.0864377
0.0736289
0.0661068
0.0664672
0.0740201
0.0851349
0.0949206
0.0994235
0.0973217
0.0903637
0.0823852
0.0773904
0.0776333
0.0826375
0.0896162
0.0950223
0.0963941
0.0935623
0.0886525
0.0849239
0.0850332
0.0895864
0.0967126
0.102899
0.104676
0.100309
0.0906587
0.0788361
0.0688568
0.0639586
0.0653491
0.0719192
0.0809814
0.0895882
0.0957395
0.0989161
0.0998076
0.099527
0.0988207
0.0977116
0.0957331
0.0925525
0.0885311
0.0847914
0.0826854
0.0829658
0.0851778
0.0876863
0.0884128
0.0859732
0.0806398
0.0745587
0.0709685
0.0726987
0.0806477
0.0930153
0.105738
0.114029
0.114395
0.106253
0.0923518
0.0777567
0.0678059
0.0659511
0.0724197
0.0842403
0.0965684
0.104707
0.105941
0.100421
0.0907899
0.0808415
0.0738965
0.0716199
0.0737104
0.0784603
0.0838034
0.0882888
0.0915195
0.0939343
0.096182
0.0985175
0.100548
0.10141
0.100233
0.0966355
0.0910032
0.0843964
0.0781493
0.0733964
0.0707992
0.0705683
0.0726538
0.0768914
0.0829893
0.0903901
0.0981283
0.104826
0.108926
0.109171
0.105144
0.0975848
0.0882703
0.0794583
0.0731504
0.0704829
0.0714777
0.0752271
0.0803967
0.0857795
0.0906126
0.0945402
0.0973565
0.0987885
0.0985027
0.0963339
0.0925787
0.0881421
0.0843594
0.0824747
0.0829875
0.0852492
0.0876331
0.0883028
0.0862393
0.081992
0.0776978
0.0762387
0.0798303
0.0886769
0.100398
0.110653
0.114827
0.110103
0.0969668
0.0793732
0.0634135
0.0549742
0.0573631
0.0699105
0.0881664
0.105643
0.116381
0.117223
0.108844
0.095134
0.0813514
0.0719341
0.0689369
0.0716825
0.0776192
0.0838335
0.088417
0.0910467
0.092613
0.0942416
0.0963485
0.0982816
0.098732
0.0966376
0.0920079
0.0861448
0.0810932
0.0786096
0.0792216
0.0819208
0.0847036
0.0857117
0.0843587
0.0817881
0.0803432
0.0822791
0.0883767
0.0972088
0.105506
0.109547
0.106956
0.0980188
0.0858041
0.07493
0.0695227
0.0713331
0.078926
0.0883594
0.0950615
0.09602
0.0912177
0.0836052
0.0776187
0.0769594
0.0827028
0.092656
0.102306
0.106942
0.103948
0.0941313
0.0814464
0.0712442
0.0678904
0.0728479
0.0840735
0.0969708
0.106435
0.109033
0.104305
0.0946678
0.0840622
0.0760986
0.0725976
0.0731669
0.075906
0.0787691
0.0807988
0.0825536
0.0855319
0.0909678
0.0987119
0.106851
0.11233
0.11232
0.105674
0.09373
0.0800081
0.068882
0.0638168
0.0659633
0.0737414
0.0835964
0.0915823
0.0950484
0.0936599
0.0893225
0.0851131
0.0837775
0.0864937
0.0924196
0.0991519
0.10383
0.104363
0.100234
0.0925884
0.0836458
0.0758035
0.0708604
0.0696459
0.0720806
0.0774806
0.0848519
0.0930169
0.100593
0.106
0.107675
0.104573
0.0967583
0.085779
0.0745134
0.066392
0.064218
0.0690382
0.0795634
0.0924585
0.103485
0.109097
0.107829
0.10087
0.0915109
0.0837066
0.0803566
0.0820705
0.0869705
0.0916318
0.0927485
0.0887682
0.0807417
0.0719843
0.0666772
0.0680033
0.0766271
0.0902081
0.10421
0.113688
0.115299
0.108654
0.0964575
0.0833957
0.0742307
0.0719083
0.0764603
0.0851414
0.0937046
0.0982299
0.0967237
0.0898508
0.0805403
0.0726793
0.0694823
0.0722464
0.0799806
0.0899684
0.0989269
0.104254
0.104884
0.101474
0.0958908
0.0902938
0.0862664
0.0843767
0.0842641
0.0850708
0.0859333
0.0863148
0.0860909
0.0854207
0.0845277
0.0835476
0.0825423
0.0816539
0.0812573
0.0819534
0.0843347
0.0886126
0.094303
0.100173
0.104535
0.105803
0.103105
0.0967086
0.0880589
0.0793826
0.0729704
0.0704112
0.0720817
0.0770848
0.0836336
0.0897079
0.0937275
0.0950102
0.0938796
0.091417
0.0889799
0.0876816
0.0880201
0.0897712
0.0921459
0.0941128
0.0947527
0.0935416
0.0905053
0.0862288
0.0817144
0.0781199
0.0764434
0.0772464
0.0804897
0.0855201
0.0912125
0.0962397
0.0994068
0.0999606
0.0977877
0.0934475
0.0880298
0.0828728
0.0792222
0.0779275
0.0792441
0.0827715
0.087528
0.0921685
0.0953325
0.0960519
0.0940944
0.0901023
0.0854479
0.0818167
0.0806244
0.0824555
0.086749
0.0919074
0.095853
0.0968567
0.0943083
0.0890748
0.0832379
0.0792612
0.0789134
0.082422
0.0882692
0.0937802
0.0962996
0.0944516
0.0888938
0.0821552
0.0775638
0.077713
0.0831655
0.0920154
0.10057
0.104913
0.102694
0.0943233
0.0829764
0.0733215
0.0695041
0.0732863
0.0831913
0.0950634
0.103829
0.105694
0.0998123
0.0886468
0.0768831
0.0693744
0.0690562
0.0757582
0.0864197
0.0965742
0.102388
0.102297
0.0975032
0.0911767
0.0867891
0.0864067
0.089731
0.0943234
0.096884
0.0949436
0.0881305
0.0784084
0.0692258
0.0640354
0.0648852
0.0716812
0.0823744
0.0939063
0.103424
0.109197
0.110877
0.109127
0.104952
0.0991733
0.0923058
0.0848071
0.0774464
0.0714506
0.0682373
0.0688109
0.0731469
0.079964
0.0871084
0.0924344
0.094756
0.0943602
0.0927861
0.0919597
0.0931083
0.0960059
0.0989658
0.0996605
0.0964169
0.0893323
0.0805653
0.0735504
0.0714476
0.0755642
0.0845315
0.0946911
0.101599
0.102022
0.0955059
0.0847421
0.0744698
0.0693828
0.0719885
0.0814182
0.093755
0.103754
0.107185
0.102741
0.0926223
0.0815451
0.074596
0.0749322
0.0823652
0.093469
0.103142
0.106889
0.102776
0.0922139
0.0792596
0.0688111
0.0645337
0.067446
0.0757553
0.0859244
0.0943778
0.0990005
0.0997623
0.098276
0.0966218
0.096089
0.0964835
0.0963417
0.0939147
0.0883833
0.0806312
0.0731278
0.0689321
0.0702821
0.0774417
0.0883641
0.0993619
0.106524
0.107282
0.101441
0.0912353
0.0803879
0.0726206
0.0702574
0.07349
0.0805462
0.088615
0.0950743
0.0984676
0.0988288
0.0972985
0.0953113
0.0938068
0.0928363
0.0917097
0.0895538
0.0859645
0.0813921
0.0770482
0.0743818
0.0744045
0.0772148
0.0819529
0.0872023
0.0916354
0.0945768
0.0961919
0.0971986
0.0982692
0.0994642
0.100034
0.0987299
0.0945117
0.0873146
0.0784736
0.0705059
0.0662401
0.0676222
0.0747416
0.0855668
0.0965826
0.104111
0.105783
0.101526
0.0936026
0.0856346
0.080997
0.0812959
0.0856468
0.0911187
0.09417
0.0924276
0.0859794
0.0775467
0.071391
0.071384
0.0790816
0.0926973
0.107516
0.117666
0.118529
0.108772
0.0910843
0.0712722
0.0560735
0.050595
0.0564288
0.0711874
0.0895845
0.105556
0.114517
0.114858
0.108132
0.0979789
0.0883747
0.0820397
0.0796812
0.0802652
0.081992
0.0833738
0.0838813
0.0839327
0.0843494
0.0856518
0.0876257
0.0894278
0.0901653
0.0895704
0.0883043
0.0876519
0.0887505
0.0917863
0.0956332
0.0982006
0.0974036
0.0923248
0.0839649
0.0751231
0.0693558
0.0694445
0.0760728
0.0873407
0.0993847
0.107883
0.109814
0.104691
0.0947087
0.0837272
0.0755941
0.0725872
0.0746741
0.079858
0.0853519
0.0889651
0.090034
0.08949
0.0890918
0.0902618
0.0931617
0.0965131
0.0982684
0.0967694
0.0917565
0.0846804
0.0781426
0.0747369
0.0758559
0.0810344
0.0881535
0.0944175
0.0976284
0.0971242
0.0939184
0.0900084
0.0872521
0.0864106
0.0868467
0.0870219
0.0855267
0.0820869
0.0779681
0.0755041
0.076941
0.0831698
0.0929957
0.103349
0.11042
0.111263
0.10516
0.0940647
0.0818794
0.0728585
0.0698495
0.0731481
0.0804467
0.0878962
0.0918377
0.0904573
0.0846184
0.0774881
0.0731393
0.0747559
0.0831937
0.0964668
0.110365
0.119988
0.121605
0.114085
0.099324
0.0815423
0.065795
0.0562993
0.0551617
0.061892
0.0737982
0.0870473
0.0979681
0.104135
0.104908
0.101328
0.0954813
0.0896328
0.0854687
0.0837024
0.0841084
0.0858647
0.0880058
0.0898006
0.0909275
0.0914203
0.0914619
0.0911704
0.0905025
0.0893083
0.0874876
0.0851522
0.0826992
0.0807287
0.0798171
0.0802536
0.0818925
0.08422
0.0866084
0.0886228
0.0902179
0.091717
0.0935733
0.0960182
0.0987711
0.100983
0.1015
0.099367
0.0943577
0.0872415
0.0796258
0.0734156
0.0701253
0.0703389
0.0735403
0.0783865
0.0833139
0.0872114
0.0898324
0.0917355
0.0937983
0.0965816
0.0998918
0.102766
0.103892
0.102268
0.0977667
0.0913037
0.0845071
0.0790361
0.0759073
0.0751607
0.0760155
0.0774104
0.0786396
0.0797356
0.0813788
0.084367
0.0889441
0.0943922
0.0991676
0.101566
0.100604
0.0966617
0.0914977
0.0875368
0.0866973
0.0893183
0.0937763
0.0970882
0.0963009
0.0900398
0.0794603
0.0680875
0.060521
0.0604962
0.0691236
0.0841258
0.100508
0.112473
0.1158
0.109629
0.0968727
0.0830158
0.0738194
0.0728992
0.0802251
0.0921878
0.10319
0.108053
0.104202
0.0927121
0.0778157
0.065122
0.0593326
0.062434
0.0730877
0.0873773
0.100487
0.108548
0.109903
0.10536
0.097469
0.0892577
0.0830502
0.0798485
0.0794087
0.0807985
0.0830509
0.085569
0.0881309
0.0906005
0.0926237
0.09358
0.0928605
0.0903019
0.0864898
0.0827072
0.0804864
0.0809289
0.0841093
0.0888961
0.093349
0.0955548
0.0945168
0.0906642
0.0857221
0.0819703
0.0812046
0.0838713
0.0888076
0.0937449
0.0963626
0.0953906
0.0912343
0.0858178
0.081701
0.0808664
0.0837382
0.0889146
0.093772
0.0956831
0.0932848
0.0871988
0.0798567
0.0744841
0.0736859
0.0782625
0.0867993
0.0962291
0.103128
0.105159
0.102016
0.0954448
0.0883534
0.083436
0.0819629
0.0833013
0.0853929
0.0859448
0.0837394
0.079402
0.0752251
0.0741011
0.0780426
0.0869857
0.098486
0.108534
0.113184
0.110281
0.100479
0.087084
0.0747633
0.0676624
0.0677406
0.0740512
0.0832985
0.0914108
0.0953833
0.0945273
0.0905795
0.0866725
0.0856804
0.0887215
0.0945353
0.100053
0.101909
0.0981608
0.0893725
0.0785313
0.0698223
0.0668146
0.0708796
0.0805612
0.0921897
0.101456
0.105223
0.102752
0.0958378
0.0878419
0.0821232
0.0805974
0.0830564
0.0874972
0.0912384
0.0922563
0.0900997
0.0859747
0.0820211
0.0802017
0.0813867
0.0850575
0.089691
0.0935557
0.0954936
0.0953149
0.0936524
0.0914119
0.0891846
0.0869931
0.0845155
0.0816037
0.0787277
0.0770243
0.0778583
0.0820772
0.0893337
0.0978752
0.105015
0.108147
0.105864
0.098624
0.0886336
0.0789795
0.0723969
0.0702386
0.0721048
0.0762817
0.0807472
0.0842173
0.086692
0.0892209
0.0930236
0.0984587
0.104434
0.108643
0.108572
0.102824
0.0920821
0.0791976
0.0682729
0.063081
0.0654903
0.0745968
0.0869865
0.0980632
0.103885
0.102717
0.0956327
0.0859532
0.0778006
0.0744218
0.0769632
0.0841646
0.0930397
0.100197
0.103203
0.101421
0.0960319
0.0893515
0.0838058
0.0810231
0.0813587
0.0839581
0.0872459
0.0895854
0.089847
0.0877244
0.0837671
0.079191
0.075548
0.0743252
0.0765343
0.0823636
0.0909849
0.100616
