0.17271
0.173041
0.173895
0.17491
0.175663
0.175863
0.175477
0.174734
0.173999
0.173597
0.173663
0.174105
0.174658
0.175032
0.175051
0.174733
0.17427
0.173911
0.173832
0.174054
0.174442
0.174787
0.174915
0.174779
0.174479
0.174194
0.174086
0.174207
0.174478
0.174738
0.174834
0.174704
0.174416
0.174126
0.173996
0.174105
0.174403
0.174736
0.17493
0.174881
0.174611
0.174257
0.173993
0.173949
0.17414
0.174462
0.174747
0.174848
0.174722
0.174446
0.174176
0.174061
0.174165
0.17444
0.174746
0.174927
0.174888
0.174647
0.174318
0.174053
0.173965
0.174077
0.174317
0.174558
0.17469
0.174668
0.174538
0.174395
0.174332
0.174382
0.17451
0.17463
0.17466
0.174565
0.174383
0.174201
0.174114
0.174169
0.174345
0.17456
0.174719
0.174755
0.174662
0.174495
0.174333
0.174246
0.174254
0.174331
0.174423
0.174482
0.174491
0.174468
0.174445
0.174449
0.174476
0.1745
0.174491
0.174441
0.174375
0.174337
0.174368
0.174471
0.174604
0.174694
0.174671
0.174516
0.174278
0.174058
0.173967
0.174069
0.174342
0.174683
0.174946
0.175014
0.174856
0.174539
0.174201
0.173985
0.173974
0.174155
0.174428
0.174661
0.174749
0.174673
0.174496
0.174324
0.17425
0.174307
0.174453
0.174599
0.174659
0.174596
0.174445
0.17429
0.174216
0.174259
0.174388
0.174527
0.174595
0.174555
0.174436
0.174315
0.174276
0.174358
0.174526
0.174692
0.174756
0.174666
0.174448
0.174202
0.174048
0.174072
0.174271
0.174554
0.174781
0.174839
0.174697
0.174427
0.174162
0.174036
0.174117
0.174369
0.174671
0.17487
0.174865
0.174656
0.174346
0.174083
0.17399
0.174106
0.174371
0.174656
0.174823
0.174799
0.174606
0.17435
0.174161
0.174129
0.174261
0.174479
0.174669
0.174734
0.174642
0.174446
0.174247
0.174143
0.174184
0.174347
0.174552
0.174698
0.174721
0.174617
0.174444
0.174287
0.174217
0.174259
0.174384
0.174528
0.174623
0.174632
0.174557
0.174438
0.174324
0.174258
0.174259
0.174317
0.174407
0.174495
0.17456
0.174588
0.17458
0.174538
0.174472
0.174399
0.174341
0.17432
0.174351
0.174425
0.174516
0.174583
0.174589
0.174521
0.174401
0.174277
0.174207
0.174229
0.174341
0.174499
0.174633
0.174685
0.174632
0.174502
0.174361
0.174277
0.17429
0.174391
0.174524
0.174617
0.174617
0.174523
0.174381
0.174264
0.174228
0.174289
0.174413
0.174533
0.174586
0.174549
0.17445
0.174352
0.174315
0.174366
0.174479
0.174593
0.174642
0.174594
0.17447
0.174335
0.174263
0.174296
0.174414
0.174546
0.174612
0.174561
0.174411
0.174237
0.174139
0.174184
0.174371
0.17462
0.174811
0.174842
0.174686
0.174408
0.174141
0.17402
0.174111
0.174377
0.174691
0.174897
0.174887
0.174655
0.174305
0.173999
0.173885
0.174021
0.174347
0.174712
0.174947
0.174945
0.174715
0.174373
0.174082
0.173974
0.174088
0.174361
0.174655
0.174833
0.174817
0.174633
0.174383
0.174196
0.174157
0.17427
0.174461
0.17462
0.174661
0.174565
0.174384
0.174215
0.174147
0.174215
0.174387
0.17458
0.174707
0.174718
0.174627
0.174494
0.174388
0.174356
0.174393
0.174455
0.174483
0.174443
0.174343
0.174236
0.174188
0.174238
0.174383
0.174569
0.174719
0.174769
0.1747
0.174546
0.174375
0.174259
0.174238
0.174305
0.174412
0.174502
0.174533
0.174497
0.174422
0.174353
0.174327
0.174359
0.174431
0.174513
0.174569
0.17458
0.174548
0.174495
0.174442
0.174401
0.174374
0.174356
0.174345
0.174344
0.174357
0.174391
0.174446
0.174512
0.17457
0.174597
0.174582
0.174532
0.174462
0.174389
0.174328
0.174288
0.174275
0.174293
0.174347
0.174435
0.174547
0.174656
0.174723
0.174712
0.174603
0.174417
0.174211
0.174066
0.174048
0.17418
0.174421
0.174677
0.174841
0.174838
0.174663
0.174392
0.174146
0.174042
0.174135
0.174386
0.174683
0.174885
0.17489
0.174687
0.17436
0.174053
0.1739
0.173968
0.174222
0.174547
0.1748
0.174879
0.174769
0.174543
0.174324
0.174217
0.174262
0.174418
0.174585
0.174665
0.174604
0.174428
0.174225
0.174099
0.174115
0.17427
0.174492
0.174684
0.174769
0.174728
0.174601
0.174459
0.174365
0.174342
0.174361
0.174372
0.174335
0.174257
0.17419
0.174203
0.174342
0.174588
0.174858
0.17503
0.17501
0.174773
0.17439
0.174003
0.173758
0.173748
0.17397
0.174328
0.174678
0.174893
0.174915
0.174775
0.174568
0.1744
0.174334
0.174369
0.174446
0.174491
0.174462
0.17437
0.174273
0.174235
0.174293
0.174424
0.174563
0.174632
0.174586
0.174443
0.174278
0.174188
0.174239
0.174428
0.174679
0.174875
0.174915
0.174761
0.174461
0.174127
0.173892
0.17385
0.174015
0.174321
0.174652
0.174889
0.17496
0.174863
0.174652
0.174412
0.174218
0.174117
0.174119
0.174201
0.174328
0.174465
0.17458
0.174651
0.17466
0.1746
0.174485
0.174353
0.174256
0.174242
0.17433
0.174494
0.174669
0.174767
0.174727
0.174538
0.174266
0.174021
0.173917
0.174018
0.174298
0.174654
0.174941
0.175036
0.174898
0.174585
0.17423
0.173982
0.173939
0.174109
0.174405
0.174691
0.174847
0.174817
0.174633
0.174391
0.174199
0.174131
0.174195
0.17434
0.174487
0.174574
0.174581
0.174536
0.174482
0.174452
0.174451
0.174453
0.174432
0.174382
0.174327
0.174315
0.174383
0.174528
0.174696
0.174798
0.174756
0.174549
0.174237
0.173944
0.173807
0.173906
0.174226
0.174653
0.175013
0.175154
0.175018
0.174665
0.174253
0.173962
0.17391
0.174104
0.174436
0.174739
0.174864
0.174756
0.174474
0.174163
0.173978
0.174014
0.174254
0.174585
0.174852
0.174931
0.174791
0.174509
0.174223
0.174066
0.174103
0.174303
0.17456
0.174744
0.174762
0.174609
0.174363
0.174149
0.174071
0.174166
0.174387
0.174633
0.174794
0.174802
0.174659
0.174431
0.174221
0.174117
0.174156
0.174308
0.1745
0.174651
0.174705
0.174651
0.174521
0.174375
0.17427
0.17424
0.174288
0.174384
0.174489
0.174568
0.174595
0.174567
0.174497
0.17441
0.174337
0.174302
0.174317
0.17438
0.174471
0.174559
0.174613
0.174607
0.17454
0.174432
0.174321
0.174248
0.174239
0.174297
0.174401
0.174517
0.174603
0.174631
0.174596
0.174515
0.17442
0.174345
0.174311
0.174325
0.174381
0.174459
0.174533
0.174578
0.174574
0.174518
0.17442
0.174309
0.174222
0.174199
0.174261
0.174401
0.174576
0.174724
0.174784
0.174721
0.174551
0.174336
0.174165
0.174112
0.174204
0.174403
0.17462
0.174753
0.174733
0.174561
0.174313
0.174102
0.17403
0.17414
0.174389
0.17467
0.174855
0.174863
0.174692
0.174429
0.174199
0.174111
0.174199
0.174411
0.174632
0.174742
0.17468
0.174475
0.17423
0.17407
0.174081
0.174264
0.174533
0.174757
0.174825
0.174708
0.174468
0.174229
0.174116
0.174185
0.174403
0.174656
0.174811
0.174785
0.174586
0.174309
0.174091
0.174035
0.174167
0.174418
0.174663
0.174778
0.17471
0.1745
0.174265
0.174129
0.174164
0.174352
0.174597
0.174775
0.174795
0.174646
0.174405
0.174195
0.174122
0.174219
0.17443
0.17464
0.174736
0.174665
0.174459
0.174219
0.174068
0.174086
0.174272
0.174541
0.174771
0.174855
0.174763
0.174546
0.174311
0.174164
0.174164
0.174295
0.174479
0.174618
0.174643
0.17455
0.174396
0.174266
0.174229
0.174307
0.174461
0.174615
0.174694
0.174658
0.17452
0.174341
0.174199
0.174153
0.174217
0.174362
0.174528
0.174658
0.174712
0.174681
0.174584
0.17446
0.174351
0.174287
0.17428
0.174321
0.174392
0.174462
0.174506
0.174503
0.174451
0.174372
0.174301
0.174282
0.17434
0.174473
0.174638
0.174768
0.174799
0.1747
0.174496
0.174258
0.174078
0.174033
0.174144
0.174364
0.174596
0.174735
0.174723
0.174572
0.174362
0.174203
0.174182
0.174316
0.174544
0.174752
0.174828
0.174721
0.174469
0.174181
0.173989
0.173985
0.174175
0.174481
0.174768
0.174914
0.174864
0.174651
0.17438
0.174168
0.174095
0.174168
0.174328
0.174486
0.174566
0.174548
0.174472
0.174407
0.174407
0.174477
0.17457
0.174622
0.174585
0.174465
0.174315
0.174217
0.174232
0.174365
0.174553
0.174693
0.174698
0.174546
0.174298
0.174073
0.173991
0.174115
0.174409
0.174754
0.175
0.175033
0.174833
0.174483
0.174133
0.173926
0.173936
0.174138
0.174423
0.174657
0.174744
0.174668
0.174498
0.174346
0.174303
0.174389
0.174549
0.174681
0.174694
0.174556
0.174317
0.174084
0.173974
0.174051
0.174297
0.174616
0.174879
0.174982
0.17489
0.174649
0.174365
0.174149
0.174068
0.174125
0.174262
0.174401
0.174482
0.174489
0.174449
0.174418
0.174442
0.174529
0.174646
0.174734
0.174739
0.174638
0.174454
0.174246
0.174088
0.174036
0.17411
0.174279
0.174484
0.174656
0.174743
0.174723
0.174614
0.174459
0.174319
0.174247
0.174268
0.174372
0.174518
0.174648
0.174707
0.174662
0.174517
0.174314
0.174125
0.174022
0.174051
0.174212
0.174455
0.174701
0.17487
0.174909
0.174812
0.174619
0.1744
0.17422
0.174121
0.174113
0.174174
0.174274
0.174386
0.174497
0.174601
0.174687
0.174736
0.174718
0.174617
0.174443
0.174243
0.17409
0.174052
0.174162
0.17439
0.17465
0.174829
0.174844
0.174677
0.174397
0.174132
0.174009
0.174098
0.17437
0.174705
0.174944
0.174965
0.174744
0.174367
0.173999
0.173803
0.173869
0.174167
0.174564
0.174885
0.174996
0.174865
0.174576
0.174281
0.174124
0.174169
0.174373
0.174611
0.17474
0.174681
0.174458
0.174187
0.174013
0.174036
0.174255
0.174569
0.174825
0.174898
0.174752
0.174464
0.17418
0.174046
0.174131
0.174391
0.174691
0.174872
0.174835
0.174591
0.174256
0.173997
0.173944
0.17413
0.17447
0.174802
0.174964
0.174876
0.174579
0.174211
0.173941
0.17389
0.174079
0.174422
0.174766
0.174968
0.174957
0.174759
0.174478
0.174235
0.174116
0.174138
0.174252
0.174381
0.174464
0.174484
0.174467
0.174454
0.174474
0.174521
0.174561
0.174552
0.174478
0.174364
0.174272
0.174267
0.174372
0.174555
0.174729
0.174801
0.17471
0.174473
0.174177
0.173945
0.173888
0.174046
0.174368
0.174732
0.174992
0.175043
0.174868
0.174541
0.174196
0.17397
0.173944
0.174115
0.1744
0.174679
0.174841
0.174828
0.174657
0.174406
0.174179
0.174064
0.174101
0.174269
0.174502
0.174713
0.174824
0.174796
0.174642
0.174418
0.174206
0.174079
0.174082
0.174212
0.174422
0.174633
0.174765
0.174766
0.174639
0.17444
0.174253
0.174158
0.174193
0.17434
0.174532
0.174683
0.174724
0.174635
0.174457
0.17427
0.17416
0.174174
0.174303
0.174483
0.174628
0.174677
0.174615
0.174484
0.174355
0.174291
0.17432
0.174418
0.174527
0.174582
0.174553
0.174456
0.174347
0.174287
0.174309
0.174403
0.174517
0.174589
0.174578
0.174488
0.174368
0.174287
0.174292
0.174385
0.174517
0.174617
0.174628
0.174542
0.174401
0.17428
0.174245
0.174316
0.174457
0.174591
0.174645
0.174585
0.17444
0.174287
0.174211
0.174261
0.174418
0.174603
0.174715
0.174687
0.174524
0.1743
0.174129
0.174102
0.174245
0.174499
0.174745
0.174863
0.174788
0.174549
0.174255
0.174043
0.174011
0.174174
0.174454
0.174723
0.174858
0.174801
0.174583
0.17431
0.174105
0.174058
0.174181
0.174411
0.17464
0.174773
0.174762
0.17463
0.174444
0.174282
0.174197
0.174204
0.174281
0.174386
0.174482
0.17455
0.174588
0.174601
0.174589
0.174548
0.174472
0.174374
0.174283
0.174238
0.174267
0.174368
0.174502
0.174609
0.174636
0.174561
0.174418
0.174278
0.174219
0.174283
0.174451
0.174645
0.174768
0.174747
0.174577
0.174326
0.174107
0.174024
0.174122
0.174361
0.174636
0.174822
0.174834
0.174671
0.174417
0.174191
0.174097
0.174165
0.174351
0.174555
0.174678
0.17467
0.174548
0.174391
0.174288
0.174292
0.174395
0.174532
0.174623
0.174616
0.174515
0.174378
0.174278
0.174264
0.174331
0.174428
0.174489
0.174475
0.174397
0.174315
0.174303
0.174401
0.174585
0.174773
0.174861
0.174785
0.174557
0.174265
0.174039
0.173982
0.174117
0.174373
0.174618
0.174725
0.174645
0.174429
0.174205
0.174115
0.174232
0.174521
0.174845
0.175031
0.174965
0.174652
0.174222
0.173871
0.173763
0.173954
0.174357
0.174783
0.175028
0.174975
0.174657
0.174236
0.173922
0.173874
0.174116
0.174528
0.174906
0.175063
0.174919
0.174548
0.174133
0.173877
0.173899
0.174182
0.17458
0.174894
0.174974
0.174792
0.174452
0.174133
0.173996
0.1741
0.174379
0.174676
0.174826
0.17474
0.174459
0.174128
0.173927
0.173973
0.174263
0.174677
0.17503
0.175163
0.175016
0.174653
0.17423
0.173917
0.173822
0.173949
0.174208
0.174469
0.17463
0.174661
0.174603
0.174535
0.174521
0.174572
0.174642
0.174658
0.174568
0.174381
0.174168
0.174028
0.174038
0.174211
0.174481
0.174738
0.174871
0.174826
0.17463
0.174378
0.174182
0.174125
0.174217
0.174396
0.174566
0.174642
0.174596
0.17446
0.174311
0.17423
0.174261
0.174393
0.174562
0.174691
0.174722
0.174644
0.174496
0.17434
0.174239
0.174221
0.17428
0.174377
0.174467
0.174519
0.17452
0.174484
0.174432
0.174392
0.174381
0.174405
0.174457
0.174526
0.174595
0.174643
0.174646
0.174582
0.174452
0.17428
0.174116
0.174019
0.174038
0.174189
0.174441
0.174718
0.174926
0.174991
0.174886
0.174647
0.174356
0.174113
0.173994
0.174025
0.174178
0.174381
0.174558
0.174654
0.174656
0.174592
0.174505
0.174437
0.174407
0.174411
0.174429
0.174445
0.174452
0.174452
0.174453
0.174458
0.174459
0.174444
0.174405
0.17435
0.1743
0.174288
0.174336
0.174442
0.174574
0.174684
0.174727
0.174676
0.174545
0.174378
0.174235
0.174164
0.174181
0.17427
0.174391
0.174502
0.174574
0.174602
0.174599
0.174581
0.174556
0.174517
0.174455
0.174368
0.174274
0.174209
0.174209
0.174292
0.17444
0.174604
0.174716
0.174724
0.174616
0.174432
0.174253
0.17416
0.1742
0.174359
0.174565
0.174726
0.174762
0.174649
0.17443
0.174199
0.174058
0.174073
0.174243
0.1745
0.174739
0.17486
0.174812
0.174618
0.174361
0.174144
0.174048
0.174105
0.174288
0.174525
0.174727
0.174819
0.174772
0.174611
0.174402
0.174218
0.174117
0.174126
0.174239
0.174415
0.17459
0.174703
0.174714
0.174623
0.174467
0.174304
0.174196
0.174187
0.174283
0.17445
0.174624
0.174735
0.174739
0.174635
0.174466
0.174297
0.174189
0.174175
0.174246
0.174362
0.174468
0.174526
0.174531
0.174508
0.174491
0.174504
0.174539
0.174564
0.174543
0.174463
0.174344
0.174241
0.174211
0.174286
0.174448
0.17463
0.174743
0.174721
0.174557
0.174317
0.174109
0.174037
0.174145
0.174396
0.174683
0.174873
0.174876
0.174685
0.174385
0.174113
0.173993
0.174078
0.174325
0.174618
0.17482
0.174845
0.174694
0.17445
0.174236
0.174148
0.174212
0.174375
0.174534
0.174597
0.174534
0.17439
0.174259
0.174229
0.174334
0.174528
0.174709
0.174775
0.174679
0.17446
0.174228
0.174109
0.174175
0.174405
0.174684
0.174863
0.174832
0.174581
0.174213
0.173898
0.173792
0.173964
0.174352
0.174794
0.175093
0.175118
0.17486
0.174439
0.174049
0.173863
0.173959
0.174283
0.174677
0.174956
0.174991
0.174771
0.174398
0.17404
0.173848
0.173896
0.174148
0.174486
0.174768
0.174893
0.174837
0.174655
0.174443
0.174291
0.174245
0.174297
0.174396
0.174485
0.174527
0.174518
0.174479
0.174437
0.174404
0.174382
0.174361
0.174341
0.174329
0.174345
0.174401
0.174495
0.174601
0.174674
0.174674
0.174589
0.174443
0.174293
0.174201
0.174206
0.174305
0.174456
0.174595
0.174663
0.174635
0.174526
0.174388
0.17428
0.174244
0.174284
0.17437
0.174464
0.174531
0.174555
0.17454
0.174506
0.174474
0.174456
0.174451
0.174449
0.174443
0.174434
0.174427
0.174421
0.174414
0.174399
0.174372
0.174342
0.174329
0.174355
0.174432
0.174548
0.174661
0.174716
0.174675
0.174534
0.174341
0.174173
0.174109
0.174188
0.174382
0.174607
0.174754
0.174744
0.174572
0.174317
0.174105
0.174051
0.174199
0.174495
0.174804
0.174976
0.174911
0.174621
0.174228
0.17391
0.173816
0.173997
0.174376
0.174783
0.175032
0.175011
0.174735
0.174339
0.174014
0.17391
0.174068
0.1744
0.174735
0.174903
0.174825
0.174545
0.174211
0.173991
0.174
0.174237
0.174586
0.174878
0.17497
0.174824
0.174516
0.174196
0.174008
0.174024
0.174213
0.174462
0.17464
0.174665
0.174552
0.174391
0.174292
0.174327
0.174482
0.174669
0.174771
0.174714
0.174506
0.174245
0.174063
0.174058
0.174239
0.174515
0.174742
0.174794
0.174636
0.174347
0.174079
0.173983
0.17413
0.174473
0.17486
0.175103
0.175072
0.174763
0.174305
0.173896
0.173711
0.173821
0.174169
0.174593
0.174906
0.174984
0.17482
0.174525
0.17426
0.174153
0.174238
0.174448
0.174649
0.174718
0.174602
0.17435
0.174088
0.173952
0.174023
0.174286
0.174639
0.174937
0.175058
0.174961
0.174693
0.174365
0.174097
0.173969
0.173997
0.17414
0.174329
0.174498
0.174611
0.174664
0.17467
0.174643
0.174589
0.174509
0.174409
0.174309
0.174241
0.174239
0.174315
0.174446
0.174578
0.174653
0.174634
0.174529
0.174383
0.174264
0.174229
0.174294
0.174429
0.174566
0.174639
0.174614
0.174506
0.174371
0.174275
0.174262
0.174332
0.174442
0.174533
0.174564
0.174528
0.174461
0.174411
0.174416
0.17448
0.174565
0.174615
0.174583
0.174464
0.1743
0.17416
0.174103
0.174155
0.174296
0.174471
0.174615
0.174686
0.174683
0.174638
0.17459
0.174562
0.174545
0.174509
0.174428
0.1743
0.174162
0.174075
0.174094
0.174235
0.174458
0.174679
0.174807
0.174789
0.174638
0.174428
0.174261
0.174214
0.1743
0.174465
0.174612
0.174656
0.174564
0.17438
0.174201
0.174129
0.174214
0.174426
0.174663
0.174804
0.174773
0.174577
0.17431
0.174104
0.174069
0.174228
0.174506
0.17476
0.174853
0.174722
0.174418
0.174086
0.173896
0.173962
0.174281
0.174726
0.175101
0.175228
0.175032
0.17458
0.174053
0.173667
0.173577
0.173815
0.174274
0.174762
0.175084
0.175127
0.174903
0.174537
0.174198
0.174025
0.174067
0.174271
0.17452
0.174692
0.174715
0.174599
0.174417
0.174267
0.174214
0.17427
0.174389
0.174503
0.174555
0.174533
0.174468
0.174413
0.174411
0.174468
0.174547
0.174592
0.174559
0.17445
0.174307
0.174198
0.174183
0.174283
0.174463
0.174646
0.174747
0.174716
0.174564
0.174358
0.174187
0.17413
0.174213
0.174402
0.174611
0.174745
0.174744
0.174613
0.17441
0.174223
0.174133
0.174175
0.174327
0.174517
0.17466
0.174698
0.174624
0.174478
0.174329
0.174244
0.174257
0.174356
0.174487
0.174589
0.174618
0.174571
0.174478
0.174387
0.17434
0.174353
0.174407
0.17446
0.174472
0.174428
0.174352
0.17429
0.174291
0.174375
0.174525
0.174682
0.174775
0.174747
0.174596
0.174374
0.174169
0.174068
0.174117
0.174299
0.17454
0.174734
0.174793
0.174687
0.174461
0.174214
0.174056
0.17406
0.174228
0.174497
0.174755
0.174896
0.174863
0.174675
0.174415
0.174188
0.174077
0.17411
0.174255
0.174441
0.17459
0.17465
0.174618
0.174529
0.174437
0.174382
0.174372
0.174386
0.174398
0.174391
0.174376
0.174376
0.174416
0.174497
0.174596
0.174664
0.174654
0.174549
0.174378
0.174208
0.174121
0.174168
0.174342
0.174577
0.17477
0.174827
0.174709
0.174454
0.174167
0.173974
0.173966
0.174157
0.174477
0.174796
0.174983
0.174958
0.174734
0.174407
0.174115
0.173979
0.174044
0.174272
0.174556
0.17477
0.174822
0.174696
0.174453
0.174203
0.174054
0.174065
0.174225
0.174461
0.174675
0.174785
0.174761
0.17463
0.17446
0.174327
0.174279
0.17432
0.174413
0.174499
0.174528
0.174484
0.174393
0.174304
0.174264
0.174294
0.174386
0.174503
0.174595
0.174623
0.174578
0.174486
0.174395
0.174349
0.174369
0.174441
0.174524
0.17457
0.174544
0.174449
0.17432
0.174217
0.174193
0.174272
0.174435
0.174623
0.174759
0.174781
0.17467
0.174462
0.174233
0.174074
0.17405
0.174173
0.174398
0.174639
0.174806
0.174835
0.17472
0.174509
0.174291
0.174149
0.174133
0.174237
0.174409
0.174575
0.174668
0.174657
0.174555
0.17441
0.174286
0.17423
0.174257
0.17435
0.17447
0.174575
0.174633
0.174632
0.17458
0.174496
0.174404
0.174325
0.174275
0.174266
0.174303
0.174382
0.174487
0.174586
0.174648
0.174646
0.174573
0.174448
0.174313
0.174218
0.1742
0.174269
0.174398
0.174537
0.17463
0.174642
0.174573
0.17446
0.174359
0.174318
0.174356
0.174454
0.17456
0.174618
0.174592
0.174481
0.174326
0.174192
0.174136
0.174187
0.17433
0.174512
0.17467
0.174748
0.174724
0.174616
0.174468
0.174339
0.174272
0.174281
0.174349
0.174437
0.174505
0.174524
0.174488
0.174414
0.174333
0.174283
0.174288
0.174355
0.174468
0.174595
0.174695
0.17473
0.174681
0.174555
0.174388
0.174233
0.174138
0.174132
0.174213
0.174352
0.174501
0.174611
0.174652
0.174624
0.174556
0.17449
0.174456
0.17446
0.174477
0.174474
0.174425
0.174333
0.17423
0.174166
0.174186
0.174309
0.174506
0.174713
0.174853
0.174866
0.17474
0.174516
0.17427
0.174083
0.174013
0.174072
0.174228
0.174421
0.17459
0.174694
0.174726
0.174698
0.174635
0.174552
0.174459
0.174363
0.174276
0.174217
0.17421
0.174267
0.174378
0.174509
0.174608
0.174629
0.174559
0.174429
0.174302
0.174249
0.17431
0.174468
0.174659
0.174788
0.174782
0.174627
0.174377
0.174137
0.174012
0.174057
0.174253
0.174508
0.174702
0.174745
0.174625
0.174411
0.174225
0.174172
0.174297
0.174549
0.174805
0.174927
0.174829
0.174532
0.174155
0.173864
0.173796
0.173994
0.174385
0.17481
0.175091
0.175105
0.174849
0.174435
0.17404
0.173822
0.173857
0.174111
0.174461
0.174757
0.174887
0.174827
0.174636
0.174426
0.174295
0.174289
0.174385
0.174508
0.174577
0.174546
0.174428
0.174282
0.174183
0.174177
0.174265
0.174404
0.174533
0.174604
0.174604
0.174559
0.174513
0.174502
0.17453
0.174569
0.174577
0.174525
0.174413
0.174279
0.174179
0.174159
0.17423
0.174362
0.1745
0.174588
0.174597
0.174539
0.174459
0.174413
0.174434
0.174516
0.17461
0.174655
0.174607
0.174462
0.174266
0.174097
0.174034
0.174116
0.174327
0.174594
0.174822
0.174925
0.174861
0.174648
0.174365
0.174115
0.173987
0.17402
0.174194
0.174439
0.174666
0.174796
0.174786
0.174653
0.174457
0.174282
0.174193
0.174218
0.174339
0.174501
0.174633
0.174679
0.174619
0.174481
0.174323
0.174212
0.17419
0.174265
0.174399
0.174533
0.17461
0.174606
0.174537
0.17445
0.174393
0.174397
0.174456
0.174531
0.174569
0.174532
0.174421
0.174282
0.174186
0.174191
0.174309
0.174499
0.174681
0.174771
0.174722
0.174546
0.174318
0.17414
0.174093
0.174202
0.17442
0.17465
0.174789
0.174773
0.174613
0.174384
0.17419
0.174118
0.174193
0.174372
0.174569
0.174694
0.174697
0.174586
0.174422
0.174283
0.174229
0.174272
0.174376
0.174484
0.174546
0.174547
0.174508
0.174469
0.17446
0.17448
0.174503
0.174492
0.174428
0.174329
0.174243
0.174228
0.174315
0.174486
0.174673
0.174785
0.174755
0.174577
0.174315
0.174085
0.173996
0.1741
0.174363
0.174678
0.174904
0.174936
0.174753
0.174428
0.174102
0.173917
0.173956
0.1742
0.174546
0.174849
0.174983
0.174896
0.174631
0.174305
0.174049
0.173959
0.174053
0.174279
0.174538
0.17473
0.174796
0.174733
0.174585
0.17442
0.174296
0.174245
0.174265
0.174332
0.174415
0.174487
0.174534
0.174547
0.17453
0.174487
0.17443
0.174376
0.174344
0.174348
0.17439
0.174459
0.174529
0.17457
0.174564
0.174512
0.174436
0.174372
0.174342
0.174354
0.174389
0.174422
0.174431
0.174415
0.174392
0.174393
0.174441
0.174531
0.174625
0.174672
0.17463
0.174498
0.174323
0.174178
0.174137
0.17423
0.174427
0.174641
0.174768
0.174739
0.174554
0.174289
0.174065
0.173992
0.174116
0.174396
0.174718
0.174944
0.174977
0.174806
0.174507
0.17421
0.174036
0.174044
0.174206
0.174428
0.174599
0.174647
0.174567
0.174422
0.174301
0.174272
0.174348
0.174483
0.174601
0.174641
0.174587
0.174482
0.17439
0.174366
0.174416
0.174496
0.174538
0.174494
0.174364
0.17421
0.174126
0.174186
0.174393
0.174668
0.174883
0.174921
0.17474
0.1744
0.174044
0.173838
0.173892
0.174198
0.17463
0.174998
0.175133
0.174973
0.174587
0.17415
0.173858
0.173839
0.174093
0.174491
0.174843
0.174984
0.174853
0.17452
0.174148
0.173914
0.173925
0.174168
0.174523
0.174827
0.174949
0.174853
0.174606
0.174342
0.174188
0.174197
0.174335
0.174498
0.17458
0.174531
0.174377
0.174212
0.174142
0.174228
0.174446
0.174695
0.174849
0.17482
0.174613
0.17432
0.174077
0.174005
0.174143
0.17443
0.174734
0.174909
0.17487
0.174636
0.174315
0.174057
0.173976
0.174107
0.17438
0.174666
0.17483
0.174802
0.174602
0.174329
0.174113
0.174054
0.174172
0.174408
0.17465
0.174791
0.17478
0.174637
0.174443
0.174292
0.174249
0.174317
0.174443
0.174544
0.174556
0.174463
0.174308
0.174169
0.174125
0.174212
0.174408
0.174642
0.174823
0.17488
0.174794
0.174603
0.174383
0.174215
0.17415
0.174187
0.174287
0.17439
0.174446
0.174441
0.174399
0.174371
0.174402
0.174508
0.174659
0.17479
0.174826
0.174725
0.174496
0.174207
0.173962
0.173857
0.173945
0.174208
0.174558
0.174871
0.175031
0.174981
0.174745
0.174419
0.174133
0.173993
0.174042
0.174244
0.174502
0.174702
0.174762
0.174666
0.174469
0.174266
0.174154
0.174179
0.174325
0.174521
0.174678
0.174727
0.174654
0.1745
0.174342
0.174251
0.174258
0.174347
0.174463
0.174543
0.174548
0.174481
0.174385
0.174317
0.174322
0.174402
0.174523
0.174626
0.174663
0.174611
0.174489
0.174344
0.174232
0.17419
0.174223
0.174307
0.174411
0.174507
0.17458
0.174631
0.174661
0.17467
0.174645
0.174569
0.174437
0.174269
0.174118
0.174044
0.174086
0.174247
0.174478
0.174702
0.174833
0.17482
0.174672
0.174453
0.174258
0.174167
0.174212
0.174363
0.17454
0.174656
0.17465
0.174526
0.174344
0.174196
0.174156
0.174248
0.174436
0.174637
0.17476
0.174751
0.174616
0.174415
0.174235
0.174151
0.174193
0.174334
0.174503
0.174621
0.174637
0.174555
0.174421
0.174304
0.174266
0.174329
0.174472
0.174631
0.174734
0.174726
0.1746
0.174395
0.174182
0.174037
0.174014
0.174126
0.17434
0.17459
0.174794
0.174889
0.174848
0.174688
0.174467
0.174261
0.174134
0.174122
0.174216
0.174368
0.174515
0.174602
0.174602
0.174527
0.174423
0.174347
0.174338
0.174401
0.174501
0.174585
0.174606
0.174546
0.174429
0.174306
0.174234
0.174248
0.174344
0.174477
0.174585
0.174621
0.174575
0.174478
0.174385
0.174344
0.174376
0.174458
0.174542
0.174575
0.174532
0.174427
0.174309
0.174236
0.174244
0.174327
0.174442
0.174533
0.174562
0.174528
0.174469
0.174439
0.174473
0.174563
0.174656
0.174678
0.174582
0.174379
0.174142
0.17398
0.173982
0.174173
0.174491
0.174806
0.174976
0.174913
0.174634
0.174259
0.173959
0.173881
0.174072
0.174458
0.174869
0.175118
0.17508
0.174763
0.174297
0.173884
0.173701
0.173824
0.174195
0.174648
0.174983
0.175062
0.174864
0.174493
0.174125
0.173923
0.17397
0.17423
0.174576
0.17485
0.174936
0.174813
0.174553
0.174283
0.174116
0.174108
0.174233
0.174412
0.17455
0.174589
0.174531
0.17443
0.174353
0.174347
0.17441
0.174502
0.174568
0.174569
0.174507
0.174418
0.174356
0.174359
0.174424
0.174514
0.174571
0.174555
0.174462
0.174332
0.174227
0.174201
0.174275
0.174423
0.174583
0.174688
0.174694
0.174604
0.174463
0.174331
0.174261
0.174272
0.174349
0.174449
0.174526
0.174552
0.174529
0.17448
0.174436
0.174412
0.17441
0.174418
0.174419
0.174405
0.174383
0.174371
0.17439
0.174444
0.174518
0.17458
0.174599
0.174559
0.174468
0.17436
0.174277
0.174254
0.174304
0.174411
0.174536
0.17463
0.174654
0.174594
0.174467
0.174318
0.174203
0.174165
0.174226
0.174371
0.174558
0.174723
0.174804
0.174764
0.174607
0.174382
0.174165
0.174038
0.174053
0.174214
0.174468
0.174721
0.174871
0.174853
0.174666
0.174379
0.174106
0.173959
0.174
0.17422
0.174534
0.174818
0.17496
0.174907
0.174687
0.174393
0.174143
0.174028
0.174079
0.174255
0.174463
0.174612
0.174647
0.174575
0.174451
0.174347
0.174316
0.174368
0.174469
0.174565
0.174608
0.174583
0.174512
0.174437
0.174395
0.174392
0.174409
0.17441
0.174372
0.174301
0.17424
0.174238
0.174328
0.174497
0.174687
0.174813
0.17481
0.174663
0.174424
0.17419
0.174062
0.174098
0.174282
0.174529
0.174723
0.174772
0.174656
0.174435
0.174219
0.174112
0.174168
0.174362
0.174601
0.174766
0.174777
0.174628
0.174392
0.174183
0.174099
0.174174
0.174366
0.17458
0.174711
0.174703
0.174571
0.174394
0.174273
0.174273
0.17439
0.174553
0.174663
0.174645
0.17449
0.174264
0.174078
0.174034
0.174174
0.174452
0.174748
0.17493
0.17491
0.174693
0.174373
0.174091
0.173971
0.174066
0.174333
0.174648
0.174868
0.174892
0.174709
0.174402
0.174107
0.173948
0.173991
0.174213
0.174521
0.174788
0.174914
0.174858
0.174656
0.174395
0.174176
0.174068
0.174092
0.174219
0.174395
0.174562
0.174681
0.174735
0.174723
0.174658
0.174552
0.174422
0.174287
0.174173
0.17411
0.174123
0.174217
0.174372
0.174544
0.174676
0.17473
0.174696
0.174601
0.174493
0.174419
0.174404
0.174437
0.174479
0.174482
0.174422
0.174308
0.174185
0.174114
0.174145
0.174292
0.174515
0.174739
0.17488
0.174882
0.174741
0.174506
0.174262
0.174093
0.174054
0.174147
0.174327
0.174521
0.174661
0.174705
0.174655
0.174541
0.174414
0.174319
0.174283
0.174306
0.174371
0.174449
0.174515
0.17455
0.174546
0.174505
0.17444
0.174369
0.174313
0.174289
0.174312
0.174384
0.174488
0.174597
0.174675
0.174693
0.17464
0.17453
0.174395
0.174274
0.1742
0.174185
0.174222
0.174291
0.174372
0.174452
0.174525
0.174594
0.174657
0.174704
0.174709
0.174652
0.174526
0.174356
0.174189
0.174084
0.174085
0.174201
0.174396
0.174599
0.174733
0.174746
0.174636
0.174459
0.174296
0.174222
0.174265
0.174399
0.174552
0.174645
0.174628
0.174507
0.174339
0.174211
0.174193
0.174303
0.174493
0.174672
0.174751
0.174687
0.174507
0.174291
0.174142
0.17413
0.174262
0.174475
0.174663
0.174732
0.174648
0.174455
0.174251
0.174143
0.174193
0.174387
0.174638
0.174825
0.174854
0.174702
0.17443
0.174151
0.173984
0.173994
0.174169
0.174423
0.174643
0.174743
0.174707
0.174584
0.174462
0.17441
0.174449
0.174535
0.174593
0.174555
0.174406
0.174201
0.17404
0.174016
0.174167
0.174445
0.174742
0.174927
0.174916
0.174712
0.174408
0.174144
0.174041
0.174141
0.174388
0.174654
0.174805
0.174761
0.174542
0.174254
0.174039
0.174004
0.174173
0.174467
0.174748
0.174886
0.174819
0.174586
0.174303
0.174107
0.174092
0.174258
0.174516
0.174731
0.17479
0.174664
0.174415
0.174169
0.174047
0.174113
0.174342
0.174629
0.174839
0.174871
0.174709
0.174428
0.174154
0.174004
0.174035
0.174224
0.174481
0.174699
0.174794
0.174748
0.174604
0.174441
0.174332
0.174308
0.174352
0.174418
0.174458
0.174446
0.174394
0.17434
0.174323
0.174361
0.174436
0.17451
0.174544
0.174526
0.174471
0.174418
0.174404
0.174443
0.174517
0.174587
0.174608
0.174555
0.174438
0.1743
0.174203
0.17419
0.174268
0.1744
0.174528
0.1746
0.17459
0.174514
0.174416
0.174353
0.174361
0.174437
0.174541
0.174618
0.174622
0.174543
0.174408
0.174275
0.174206
0.174234
0.174349
0.1745
0.174621
0.174658
0.174592
0.174448
0.174289
0.174186
0.17419
0.174308
0.174496
0.174681
0.174787
0.174765
0.174618
0.174399
0.174191
0.174077
0.174105
0.174268
0.174505
0.174719
0.174819
0.174758
0.174555
0.174291
0.174076
0.174005
0.174116
0.174375
0.17468
0.174903
0.174947
0.174783
0.174472
0.174139
0.17392
0.17391
0.174117
0.174462
0.174801
0.174997
0.174968
0.174731
0.174385
0.174076
0.173925
0.173987
0.174224
0.174528
0.174768
0.17485
0.174753
0.174534
0.174297
0.174145
0.174135
0.174256
0.174444
0.174614
0.174701
0.174682
0.174584
0.174462
0.174368
0.174325
0.174325
0.174342
0.174352
0.174352
0.174359
0.174394
0.174467
0.174561
0.174636
0.174647
0.174572
0.174426
0.174266
0.174167
0.174187
0.174334
0.174554
0.174757
0.174848
0.174779
0.174563
0.17428
0.174042
0.173946
0.174033
0.174264
0.174547
0.174769
0.17485
0.174772
0.174585
0.174378
0.174242
0.174224
0.174313
0.174453
0.174568
0.174602
0.174543
0.174425
0.174311
0.174256
0.174285
0.174379
0.174493
0.174573
0.174586
0.174532
0.174449
0.174382
0.174367
0.174406
0.174475
0.174533
0.174542
0.174487
0.174387
0.174287
0.17424
0.174277
0.174395
0.174551
0.174687
0.174744
0.174692
0.17454
0.17434
0.174167
0.174086
0.174128
0.174279
0.174485
0.174673
0.174772
0.174748
0.17461
0.174419
0.174252
0.174176
0.174218
0.174359
0.174538
0.174677
0.174714
0.174628
0.174449
0.174251
0.174113
0.174094
0.174204
0.174406
0.174626
0.174785
0.174827
0.174745
0.174573
0.174377
0.174223
0.174154
0.174178
0.174269
0.174388
0.174495
0.174563
0.174583
0.17456
0.174512
0.174455
0.174407
0.174379
0.174379
0.174414
0.174479
0.174554
0.174605
0.174597
0.174513
0.174362
0.174191
0.174068
0.174059
0.174194
0.174449
0.174744
0.174968
0.175027
0.17488
0.174566
0.174197
0.17391
0.173815
0.173948
0.174254
0.174613
0.174886
0.174974
0.17486
0.174606
0.17433
0.174144
0.174109
0.17421
0.174374
0.174506
0.174544
0.174483
0.174379
0.174312
0.174344
0.174481
0.174666
0.174808
0.174822
0.17468
0.174425
0.174156
0.173985
0.173983
0.174147
0.174404
0.17464
0.174756
0.174712
0.174545
0.17435
0.174231
0.174252
0.174408
0.174622
0.174787
0.174813
0.174676
0.174425
0.174166
0.174008
0.174015
0.174179
0.174425
0.174644
0.174747
0.174701
0.174541
0.174356
0.174243
0.17426
0.1744
0.174593
0.174742
0.174766
0.174643
0.174415
0.174173
0.174018
0.174014
0.174165
0.174412
0.174659
0.174818
0.174843
0.17474
0.174563
0.174385
0.17426
0.174212
0.174225
0.174264
0.174303
0.174335
0.174379
0.174457
0.174577
0.174712
0.174809
0.174808
0.17468
0.174445
0.174179
0.173983
0.173945
0.174092
0.174375
0.174682
0.174882
0.174884
0.174683
0.174366
0.174079
0.173959
0.174073
0.17438
0.174749
0.175014
0.175047
0.17482
0.174419
0.174015
0.173779
0.173812
0.174095
0.174501
0.174854
0.175006
0.174906
0.174617
0.174287
0.174071
0.174064
0.174254
0.174532
0.17475
0.174793
0.174637
0.174361
0.174107
0.174005
0.174115
0.174395
0.174717
0.174932
0.174941
0.174739
0.174417
0.174117
0.173963
0.174006
0.17421
0.174468
0.174664
0.174725
0.174654
0.174517
0.174406
0.17438
0.174441
0.174534
0.174585
0.174542
0.174409
0.174249
0.174146
0.174164
0.174309
0.174519
0.174697
0.174756
0.17467
0.174482
0.174287
0.174183
0.174223
0.174387
0.17459
0.174726
0.174722
0.174576
0.174356
0.174164
0.174089
0.174166
0.174353
0.174561
0.174694
0.174701
0.174598
0.174454
0.174352
0.174341
0.174417
0.174523
0.174584
0.174546
0.174411
0.174241
0.174127
0.174138
0.174287
0.17452
0.174738
0.174846
0.174796
0.174609
0.174368
0.174175
0.174108
0.174185
0.174357
0.174537
0.174644
0.17464
0.174541
0.174407
0.174306
0.174284
0.174346
0.174455
0.174554
0.1746
0.174575
0.1745
0.174412
0.174349
0.174329
0.174348
0.174387
0.174426
0.174451
0.174464
0.174471
0.174478
0.174487
0.174488
0.174478
0.174459
0.174443
0.174439
0.174451
0.174469
0.174475
0.174454
0.174399
0.174325
0.17427
0.174271
0.174347
0.174482
0.174626
0.174715
0.174702
0.174581
0.174398
0.174233
0.174159
0.174215
0.174376
0.174571
0.174708
0.17472
0.174597
0.174396
0.174213
0.174132
0.174188
0.174352
0.174546
0.174679
0.174694
0.174589
0.174426
0.174291
0.174253
0.174325
0.174461
0.174586
0.174634
0.174582
0.174459
0.174333
0.17427
0.174302
0.174405
0.174515
0.174566
0.174524
0.174414
0.174299
0.174251
0.17431
0.174456
0.174622
0.17472
0.174693
0.174542
0.174339
0.174183
0.174154
0.174271
0.174479
0.174679
0.174769
0.174698
0.174497
0.17426
0.174103
0.174098
0.174245
0.174468
0.174659
0.174729
0.174649
0.174467
0.174283
0.174201
0.174267
0.174449
0.174655
0.174778
0.174751
0.174579
0.17434
0.174143
0.174078
0.174168
0.174364
0.174565
0.174674
0.174644
0.174499
0.174321
0.174209
0.174229
0.174378
0.174586
0.174754
0.174801
0.174699
0.174491
0.174267
0.174123
0.174117
0.174245
0.174445
0.174626
0.174711
0.174668
0.17452
0.174333
0.174185
0.174131
0.17419
0.174334
0.174513
0.174668
0.174758
0.174764
0.174692
0.174566
0.174421
0.174291
0.174206
0.174182
0.174222
0.174315
0.174433
0.174541
0.174602
0.174594
0.174523
0.174415
0.174314
0.174265
0.174297
0.174406
0.17456
0.174702
0.174776
0.174748
0.174613
0.174404
0.174185
0.174025
0.173982
0.174077
0.174288
0.174554
0.174792
0.174921
0.174892
0.174708
0.174432
0.17416
0.173994
0.174001
0.174184
0.174476
0.174762
0.17492
0.174878
0.174642
0.174306
0.174011
0.173887
0.173998
0.174309
0.174694
0.17499
0.175067
0.174883
0.174513
0.174111
0.173846
0.173827
0.174056
0.174427
0.174776
0.174954
0.174899
0.174656
0.174356
0.174146
0.17412
0.174275
0.174517
0.174711
0.174748
0.174601
0.174342
0.174099
0.174
0.174099
0.174357
0.174657
0.174864
0.174889
0.174734
0.174482
0.174258
0.174158
0.174213
0.174367
0.174518
0.174573
0.174499
0.174342
0.174201
0.174174
0.174302
0.174545
0.174798
0.174938
0.174888
0.174655
0.174328
0.17404
0.173905
0.173967
0.174187
0.174464
0.174687
0.174785
0.174753
0.174641
0.174518
0.174437
0.174407
0.174397
0.174371
0.174311
0.174241
0.174212
0.174271
0.174424
0.174626
0.174788
0.174826
0.1747
0.174449
0.174175
0.174004
0.174021
0.174229
0.174543
0.174823
0.174938
0.17483
0.174544
0.174205
0.17396
0.173916
0.174092
0.174411
0.174738
0.174941
0.174944
0.174764
0.17449
0.17424
0.174103
0.174107
0.174216
0.174363
0.174479
0.174528
0.174515
0.174476
0.174452
0.174464
0.174504
0.174545
0.174562
0.174545
0.174504
0.174456
0.174413
0.174377
0.17434
0.174295
0.174248
0.174227
0.174264
0.174381
0.174563
0.174754
0.174876
0.174867
0.174707
0.17444
0.174157
0.173965
0.173939
0.174088
0.174352
0.174622
0.174794
0.17481
0.174687
0.174498
0.174336
0.174268
0.174309
0.174418
0.174528
0.174579
0.174545
0.174451
0.17435
0.174291
0.174294
0.17434
0.174393
0.174421
0.17442
0.174414
0.174441
0.174522
0.174645
0.174756
0.174786
0.174688
0.174473
0.174211
0.174002
0.173935
0.174045
0.174293
0.174581
0.174791
0.174845
0.174738
0.174538
0.174346
0.174246
0.174267
0.174376
0.174493
0.174544
0.174499
0.174394
0.174305
0.174302
0.174408
0.174578
0.174723
0.17475
0.174622
0.174377
0.174123
0.173981
0.174029
0.174259
0.174572
0.174826
0.174901
0.174764
0.174485
0.1742
0.174051
0.174114
0.174363
0.174677
0.174899
0.174911
0.174698
0.17435
0.174022
0.173861
0.173937
0.174217
0.174573
0.174846
0.17492
0.174777
0.1745
0.17423
0.174093
0.174152
0.174372
0.174644
0.174834
0.174849
0.174679
0.174394
0.174113
0.173953
0.173975
0.174165
0.174444
0.174703
0.174853
0.174852
0.174719
0.174514
0.174314
0.174183
0.174151
0.174211
0.17433
0.174466
0.174576
0.174636
0.174636
0.174581
0.174494
0.1744
0.174328
0.174299
0.174319
0.174379
0.174454
0.174515
0.174538
0.174516
0.174461
0.174397
0.174351
0.174341
0.174371
0.174428
0.174491
0.174541
0.174564
0.17456
0.174536
0.174498
0.17445
0.174394
0.174336
0.174289
0.17427
0.174295
0.174365
0.174464
0.174561
0.174617
0.17461
0.174544
0.17445
0.174372
0.174349
0.17439
0.174472
0.174544
0.174558
0.174491
0.174367
0.174245
0.174191
0.174246
0.174399
0.174588
0.17473
0.174753
0.174639
0.174434
0.174233
0.174132
0.174183
0.174364
0.174589
0.174747
0.174759
0.174612
0.174372
0.174152
0.17406
0.174143
0.174363
0.174619
0.174792
0.174802
0.174648
0.174408
0.174198
0.17412
0.174207
0.174411
0.174626
0.174745
0.174708
0.174536
0.174315
0.174155
0.174133
0.174256
0.17446
0.174643
0.174716
0.17465
0.174484
0.174312
0.174225
0.174268
0.174416
0.17459
0.174695
0.174673
0.174527
0.174325
0.174168
0.174133
0.174239
0.174436
0.174628
0.174728
0.174692
0.174545
0.174363
0.174234
0.174217
0.174312
0.174465
0.174593
0.174632
0.174569
0.174443
0.174326
0.174284
0.174339
0.174462
0.174583
0.174632
0.174576
0.17444
0.174289
0.174202
0.174223
0.174347
0.174514
0.174644
0.174673
0.174587
0.174433
0.174291
0.174239
0.174307
0.174466
0.174636
0.174725
0.174677
0.174503
0.174275
0.174098
0.17406
0.174186
0.174431
0.17469
0.17485
0.174835
0.174646
0.174366
0.174116
0.174008
0.174088
0.174323
0.174614
0.174834
0.17489
0.17476
0.174502
0.174232
0.174062
0.174061
0.17422
0.174462
0.174677
0.174771
0.174707
0.174521
0.174304
0.174155
0.174138
0.174257
0.174451
0.174634
0.174728
0.174699
0.174572
0.174416
0.174305
0.174288
0.174358
0.174464
0.174536
0.174527
0.174435
0.174307
0.174214
0.174215
0.174328
0.174515
0.174697
0.174791
0.17475
0.174584
0.174362
0.17418
0.174115
0.174194
0.174375
0.174573
0.174697
0.174694
0.174568
0.174381
0.174219
0.174158
0.174226
0.174395
0.174593
0.174737
0.174772
0.174686
0.174518
0.174333
0.174194
0.174135
0.17416
0.174243
0.174356
0.174471
0.174578
0.174667
0.174731
0.174754
0.174718
0.174609
0.174438
0.174241
0.174079
0.174009
0.174065
0.174233
0.174459
0.174665
0.174778
0.174764
0.174641
0.174472
0.174334
0.174285
0.174339
0.17446
0.174579
0.174628
0.174571
0.174423
0.174245
0.174116
0.174099
0.174213
0.174424
0.17466
0.174833
0.174879
0.174775
0.174554
0.174291
0.174076
0.173983
0.174043
0.17424
0.17451
0.174765
0.174918
0.174914
0.174748
0.174474
0.174185
0.173982
0.173939
0.174074
0.174342
0.174644
0.174866
0.174921
0.174787
0.174518
0.174223
0.174019
0.17399
0.174148
0.174426
0.174712
0.174891
0.174896
0.174736
0.174482
0.174236
0.174086
0.174071
0.174169
0.174318
0.17445
0.174527
0.174551
0.174556
0.174575
0.17462
0.174667
0.174671
0.174596
0.17444
0.174246
0.174088
0.174037
0.174126
0.174325
0.174554
0.174716
0.17475
0.174655
0.174494
0.174356
0.174315
0.174386
0.17452
0.174627
0.174631
0.174507
0.174303
0.174119
0.174054
0.174159
0.1744
0.174672
0.174847
0.17484
0.174657
0.174388
0.174165
0.174097
0.174214
0.174453
0.174684
0.174778
0.174678
0.174428
0.174156
0.17401
0.174078
0.174344
0.174689
0.174947
0.174986
0.174776
0.174408
0.174055
0.173881
0.173964
0.174261
0.174622
0.174867
0.174874
0.174641
0.17429
0.174011
0.173961
0.174187
0.174598
0.175005
0.17521
0.175095
0.174686
0.174143
0.173689
0.173509
0.173674
0.174109
0.174635
0.175044
0.175192
0.175052
0.174719
0.174352
0.174104
0.17405
0.17417
0.174377
0.174561
0.174647
0.17462
0.17452
0.174411
0.174344
0.17433
0.174349
0.174366
0.174364
0.174351
0.174359
0.174418
0.174528
0.174654
0.174735
0.174717
0.174586
0.174383
0.174188
0.174087
0.174132
0.174311
0.174551
0.174747
0.17481
0.174712
0.174494
0.174253
0.17409
0.174075
0.174207
0.174424
0.174628
0.17473
0.174698
0.174559
0.174392
0.17428
0.174278
0.174385
0.174544
0.174673
0.174701
0.174606
0.174422
0.174221
0.174087
0.174076
0.174194
0.174396
0.174604
0.17474
0.174761
0.17467
0.174514
0.174361
0.17427
0.174273
0.174353
0.174466
0.174553
0.174576
0.174524
0.174424
0.174324
0.174274
0.174302
0.174396
0.174515
0.174603
0.174619
0.174553
0.174434
0.174318
0.174261
0.174294
0.174401
0.17453
0.174617
0.174615
0.17452
0.174374
0.17425
0.174215
0.174299
0.174477
0.174673
0.174794
0.174775
0.17461
0.174357
0.174119
0.173994
0.174034
0.17422
0.174475
0.174696
0.174798
0.174753
0.1746
0.17442
0.1743
0.174285
0.174363
0.174478
0.174562
0.174566
0.17449
0.17438
0.174296
0.174284
0.174346
0.174444
0.174519
0.174528
0.174468
0.174378
0.17432
0.174342
0.174448
0.174594
0.174705
0.174712
0.174594
0.174394
0.1742
0.174105
0.174159
0.174344
0.174577
0.17475
0.174777
0.174639
0.174397
0.174161
0.174044
0.174105
0.17432
0.174596
0.174811
0.17487
0.17475
0.174506
0.174248
0.174089
0.174093
0.17425
0.17448
0.174678
0.174758
0.174691
0.174516
0.174314
0.174177
0.17416
0.174265
0.174439
0.174604
0.174692
0.174672
0.174557
0.174401
0.174268
0.174209
0.174245
0.174359
0.174507
0.174635
0.174698
0.174676
0.174575
0.174429
0.174286
0.174191
0.174176
0.174246
0.174377
0.174524
0.174633
0.174665
0.174611
0.174496
0.174373
0.174296
0.174297
0.174376
0.174495
0.174596
0.174629
0.174572
0.174446
0.174304
0.174211
0.174209
0.174301
0.174445
0.174581
0.174651
0.174635
0.174548
0.174436
0.17435
0.174323
0.174355
0.174418
0.174475
0.174497
0.174481
0.174447
0.174422
0.174423
0.174445
0.174466
0.174465
0.174432
0.174383
0.174348
0.174358
0.174423
0.17452
0.174602
0.174622
0.174558
0.174433
0.174302
0.17423
0.174258
0.17438
0.174539
0.174658
0.174672
0.174568
0.174391
0.174224
0.17415
0.174209
0.174375
0.174573
0.174708
0.174718
0.174606
0.174434
0.174294
0.174257
0.174336
0.174482
0.174609
0.174637
0.174536
0.174349
0.174167
0.174089
0.174165
0.174373
0.174624
0.174803
0.174827
0.174689
0.174456
0.174244
0.174154
0.174224
0.174416
0.174626
0.17474
0.174692
0.174492
0.174231
0.17403
0.173987
0.174131
0.17441
0.174712
0.174918
0.174951
0.174809
0.174559
0.174297
0.174113
0.174053
0.174112
0.174246
0.174397
0.174522
0.174607
0.174655
0.174675
0.174667
0.174625
0.174538
0.174413
0.174273
0.17416
0.174115
0.174161
0.174287
0.174452
0.174599
0.174682
0.174683
0.174619
0.17453
0.174456
0.174421
0.174424
0.174445
0.174457
0.174438
0.174391
0.174335
0.174294
0.174287
0.174315
0.174368
0.174433
0.174497
0.174554
0.174599
0.174623
0.174616
0.17457
0.174486
0.174382
0.174292
0.174252
0.174283
0.17438
0.174502
0.174591
0.174596
0.174504
0.174354
0.174221
0.174177
0.174262
0.174454
0.174676
0.174826
0.174823
0.174658
0.174393
0.174143
0.174016
0.174068
0.174274
0.174538
0.174741
0.1748
0.174704
0.174517
0.174344
0.174267
0.174307
0.174411
0.17449
0.174472
0.174348
0.174189
0.174107
0.174191
0.174456
0.174811
0.175096
0.175154
0.174916
0.174449
0.173936
0.173595
0.173583
0.173919
0.174468
0.174993
0.175266
0.17517
0.174759
0.174229
0.173827
0.173733
0.173981
0.174445
0.174902
0.175136
0.175045
0.17468
0.174216
0.173865
0.173774
0.173962
0.174324
0.174687
0.174898
0.174894
0.17472
0.174494
0.174335
0.174302
0.174373
0.174462
0.174485
0.174407
0.17427
0.174163
0.174166
0.174305
0.174527
0.174731
0.174816
0.174735
0.174532
0.174316
0.174204
0.174256
0.174437
0.174635
0.174723
0.174626
0.17437
0.174074
0.173893
0.173944
0.174235
0.174658
0.17503
0.17518
0.175033
0.174649
0.174192
0.17386
0.173785
0.17398
0.174341
0.174696
0.174892
0.174863
0.174652
0.174382
0.17419
0.174157
0.174277
0.174464
0.17461
0.174644
0.174563
0.174429
0.174326
0.17431
0.174381
0.174483
0.174544
0.174516
0.17441
0.174289
0.174234
0.174296
0.174461
0.174658
0.174788
0.174779
0.174623
0.174384
0.174166
0.174063
0.174113
0.17428
0.174479
0.174622
0.17466
0.174604
0.17451
0.174444
0.174442
0.174488
0.174528
0.174505
0.174401
0.174258
0.174153
0.174162
0.174309
0.174547
0.17477
0.174869
0.174781
0.174535
0.174241
0.174035
0.174019
0.174204
0.174503
0.174773
0.174882
0.174774
0.1745
0.174193
0.174001
0.174013
0.174222
0.174525
0.17478
0.174873
0.174775
0.174547
0.174308
0.174169
0.174181
0.174315
0.174479
0.174582
0.174574
0.174479
0.174365
0.174309
0.174349
0.17446
0.174571
0.174608
0.174537
0.174395
0.174264
0.17423
0.174325
0.174507
0.174682
0.174743
0.174642
0.174413
0.17417
0.174047
0.174128
0.174398
0.174735
0.17497
0.174967
0.174699
0.17427
0.173869
0.173686
0.173818
0.174224
0.174735
0.175129
0.175233
0.175007
0.17456
0.174101
0.173833
0.173865
0.174163
0.174574
0.174898
0.174983
0.174794
0.174432
0.174071
0.173876
0.173927
0.174187
0.17453
0.174806
0.174906
0.174809
0.17459
0.174368
0.174247
0.174264
0.174381
0.174512
0.17458
0.174548
0.174437
0.17431
0.174235
0.174252
0.174349
0.174472
0.174559
0.174571
0.174512
0.174425
0.174365
0.174369
0.174437
0.174534
0.17461
0.174625
0.174569
0.174464
0.174354
0.174281
0.174265
0.174302
0.174365
0.174425
0.174462
0.174474
0.174477
0.174483
0.174498
0.174515
0.174522
0.174508
0.174474
0.174427
0.174384
0.174361
0.174367
0.174398
0.174439
0.174474
0.174493
0.174494
0.17448
0.174453
0.174422
0.174397
0.174385
0.174394
0.174421
0.174461
0.174498
0.174516
0.174498
0.174444
0.174374
0.174323
0.174326
0.174395
0.174512
0.174628
0.174686
0.174642
0.174496
0.174299
0.174136
0.174088
0.174191
0.174412
0.17466
0.174821
0.174816
0.174637
0.17436
0.174112
0.174016
0.174126
0.174401
0.174714
0.174914
0.174897
0.17466
0.174306
0.174
0.173886
0.174024
0.174356
0.17473
0.174975
0.174974
0.174731
0.174362
0.174044
0.173925
0.174057
0.174367
0.174702
0.174896
0.17486
0.174616
0.174289
0.174041
0.173993
0.174164
0.174468
0.174753
0.174885
0.174807
0.174568
0.174291
0.17411
0.174102
0.174252
0.174471
0.174641
0.17468
0.174581
0.174415
0.174284
0.174267
0.174373
0.174539
0.174666
0.174671
0.174539
0.174331
0.174155
0.174104
0.174213
0.174436
0.174666
0.174793
0.174755
0.174576
0.174354
0.174204
0.174204
0.174347
0.174554
0.174704
0.174702
0.174529
0.174255
0.17401
0.173922
0.174054
0.17437
0.17475
0.175042
0.175127
0.174971
0.174636
0.174253
0.173963
0.173858
0.17395
0.17418
0.174445
0.174653
0.174748
0.174729
0.174635
0.174521
0.174432
0.174385
0.174373
0.174378
0.174386
0.174392
0.174399
0.17441
0.174424
0.174439
0.17445
0.174455
0.174458
0.174465
0.174482
0.174505
0.174519
0.174512
0.174478
0.174427
0.174379
0.174353
0.174359
0.17439
0.174423
0.174436
0.174418
0.174381
0.174353
0.17437
0.174446
0.174566
0.174684
0.174743
0.174704
0.174568
0.174378
0.174205
0.174113
0.174134
0.174252
0.174409
0.174536
0.174586
0.174556
0.174482
0.174422
0.174419
0.17448
0.174571
0.174631
0.174615
0.174512
0.174359
0.174221
0.174158
0.174203
0.174337
0.174504
0.174637
0.174686
0.174648
0.174554
0.174452
0.174377
0.174338
0.17432
0.174302
0.174276
0.17426
0.17429
0.174394
0.174568
0.174761
0.174887
0.174872
0.174692
0.174396
0.174095
0.173914
0.173937
0.174167
0.17451
0.174817
0.174947
0.174834
0.174525
0.174159
0.173908
0.173893
0.174132
0.17453
0.174917
0.175125
0.175067
0.174769
0.174361
0.17401
0.17385
0.173921
0.174167
0.174464
0.174686
0.174758
0.174688
0.174546
0.174424
0.174383
0.174423
0.174493
0.174523
0.174472
0.17435
0.174218
0.174154
0.174213
0.17439
0.17462
0.174808
0.174867
0.174771
0.174557
0.174316
0.174143
0.174099
0.174185
0.174348
0.174504
0.17458
0.174553
0.174449
0.174336
0.174278
0.174313
0.174434
0.174594
0.174728
0.174779
0.174726
0.174584
0.174403
0.174238
0.174137
0.174122
0.17419
0.174313
0.17445
0.174561
0.174616
0.174605
0.174538
0.174447
0.17437
0.174346
0.174392
0.174492
0.174607
0.17468
0.17467
0.174562
0.174382
0.174193
0.174066
0.174057
0.174177
0.174387
0.174614
0.174778
0.174826
0.174749
0.174585
0.1744
0.174257
0.17419
0.174202
0.174271
0.174364
0.17446
0.174546
0.174617
0.174664
0.174669
0.174611
0.174485
0.174311
0.174145
0.174055
0.174099
0.174285
0.174559
0.174816
0.174945
0.174873
0.174613
0.174265
0.173978
0.173884
0.174036
0.174377
0.174763
0.17502
0.17503
0.17478
0.174376
0.173995
0.173803
0.173883
0.174193
0.174592
0.174903
0.174996
0.174847
0.174544
0.17424
0.174077
0.174118
0.174319
0.174561
0.174712
0.174694
0.174523
0.174293
0.174129
0.174122
0.174277
0.174518
0.174726
0.174798
0.174706
0.174502
0.174291
0.174177
0.174209
0.174358
0.174536
0.174643
0.174624
0.174493
0.174327
0.174222
0.174239
0.174373
0.174555
0.174687
0.174697
0.174572
0.174375
0.174206
0.174152
0.174241
0.174428
0.174619
0.174721
0.174686
0.174536
0.174353
0.174233
0.174237
0.174358
0.174524
0.174641
0.174641
0.17452
0.174337
0.174188
0.174154
0.174261
0.174463
0.174661
0.174757
0.174703
0.174525
0.174313
0.174175
0.17418
0.174332
0.174556
0.174742
0.174791
0.174669
0.174423
0.174161
0.174002
0.174021
0.174217
0.174508
0.174774
0.174901
0.174836
0.17461
0.174321
0.174092
0.174018
0.174127
0.174375
0.174659
0.174861
0.1749
0.174759
0.174491
0.174198
0.17399
0.173943
0.174073
0.174328
0.174615
0.174827
0.174893
0.174795
0.174579
0.174334
0.174154
0.174105
0.174194
0.174376
0.174566
0.174686
0.174688
0.17458
0.174417
0.174276
0.174219
0.174266
0.17439
0.174529
0.174622
0.17463
0.174559
0.17445
0.174359
0.174322
0.174343
0.174394
0.174434
0.174439
0.17441
0.174378
0.174384
0.174448
0.174555
0.174655
0.174691
0.174625
0.174469
0.174284
0.174152
0.174141
0.174263
0.174466
0.174652
0.174725
0.174642
0.174439
0.174213
0.174083
0.174127
0.174341
0.17464
0.174884
0.174955
0.174808
0.174504
0.174177
0.173972
0.173977
0.174181
0.174483
0.174737
0.174824
0.174705
0.174447
0.174188
0.174061
0.174132
0.174367
0.174653
0.17485
0.174861
0.174679
0.174392
0.174137
0.174034
0.174125
0.17436
0.174622
0.174788
0.174786
0.174627
0.174393
0.174196
0.174122
0.174191
0.174352
0.174519
0.174611
0.174598
0.174506
0.174401
0.174352
0.174387
0.174488
0.174596
0.174652
0.17462
0.174513
0.174374
0.174259
0.174207
0.174223
0.174283
0.174354
0.174417
0.174471
0.17453
0.174602
0.174678
0.174724
0.1747
0.174585
0.174395
0.174191
0.174052
0.174041
0.174171
0.174395
0.174623
0.174765
0.17477
0.174648
0.17447
0.174324
0.174278
0.174338
0.174455
0.174546
0.17455
0.174454
0.174307
0.174195
0.17419
0.174314
0.174523
0.174721
0.174813
0.174749
0.174555
0.174316
0.174141
0.174108
0.174225
0.17443
0.174621
0.174711
0.174663
0.174509
0.174329
0.174211
0.174205
0.174303
0.174452
0.174583
0.174648
0.174638
0.174579
0.174511
0.17446
0.174421
0.174371
0.17429
0.174192
0.174124
0.174144
0.17429
0.174541
0.174821
0.175014
0.175019
0.174808
0.174448
0.17408
0.173854
0.173865
0.174101
0.174453
0.174755
0.174869
0.174746
0.174461
0.17417
0.174034
0.174137
0.174442
0.174807
0.175047
0.175031
0.174745
0.174305
0.173906
0.173724
0.173839
0.174194
0.174628
0.17495
0.175024
0.174838
0.174498
0.174174
0.174015
0.174078
0.17431
0.174582
0.174754
0.174751
0.174592
0.174376
0.174224
0.174212
0.174336
0.174516
0.174646
0.174652
0.174531
0.174354
0.174223
0.174215
0.174336
0.17452
0.174662
0.174676
0.174539
0.174316
0.17412
0.174067
0.174204
0.174488
0.1748
0.174998
0.174989
0.174767
0.174421
0.17409
0.173901
0.173913
0.174099
0.174362
0.174588
0.174701
0.174687
0.174597
0.174506
0.17447
0.174497
0.174547
0.174561
0.174498
0.174363
0.174214
0.174129
0.174165
0.174325
0.174551
0.174747
0.174824
0.174743
0.174535
0.174287
0.174108
0.174074
0.174199
0.174424
0.17465
0.174777
0.174752
0.174588
0.174357
0.17416
0.174079
0.174149
0.174342
0.174584
0.174781
0.174863
0.174802
0.174625
0.174396
0.174193
0.174078
0.174077
0.174179
0.174339
0.1745
0.174613
0.174648
0.174609
0.174526
0.174442
0.174396
0.174406
0.174464
0.174538
0.174588
0.174579
0.174502
0.17438
0.174253
0.17417
0.174164
0.174242
0.174382
0.174537
0.17466
0.174715
0.174693
0.174609
0.174495
0.174383
0.174299
0.174258
0.174262
0.174305
0.174378
0.174469
0.174558
0.174623
0.174637
0.174586
0.174475
0.174338
0.174224
0.174185
0.174248
0.1744
0.174588
0.174736
0.174775
0.174674
0.174463
0.174222
0.17405
0.174025
0.174167
0.174428
0.174707
0.174894
0.174913
0.174758
0.174494
0.174227
0.174057
0.17404
0.174165
0.174366
0.174557
0.174667
0.17467
0.174589
0.174479
0.174399
0.174377
0.174403
0.174442
0.174457
0.174431
0.174379
0.174339
0.174348
0.17442
0.174531
0.174629
0.174661
0.174598
0.174455
0.174285
0.174164
0.174152
0.174261
0.17445
0.174641
0.174752
0.174733
0.174587
0.174373
0.174182
0.1741
0.174169
0.174364
0.174604
0.174791
0.174847
0.174743
0.174515
0.174247
0.174044
0.173986
0.174096
0.174333
0.174607
0.174815
0.174878
0.174774
0.174551
0.174298
0.174116
0.174074
0.174185
0.174401
0.17463
0.174772
0.17477
0.174625
0.174399
0.174187
0.174078
0.17412
0.174296
0.174532
0.174726
0.1748
0.174732
0.174556
0.174351
0.1742
0.174161
0.174242
0.174396
0.174547
0.174629
0.174613
0.174522
0.174407
0.174322
0.1743
0.174341
0.174416
0.174483
0.174513
0.174504
0.174482
0.174476
0.174499
0.174536
0.174555
0.174522
0.174429
0.174302
0.174193
0.174161
0.174234
0.174394
0.174582
0.174719
0.174744
0.174645
0.174467
0.174294
0.174209
0.174249
0.17439
0.174559
0.17467
0.174666
0.174545
0.174364
0.174212
0.174165
0.174246
0.174412
0.174579
0.174666
0.174635
0.174506
0.174352
0.174254
0.17427
0.174392
0.174557
0.174674
0.174677
0.174556
0.174368
0.174206
0.174152
0.174242
0.174438
0.174651
0.174777
0.174751
0.174577
0.174329
0.174118
0.174037
0.17412
0.174329
0.174576
0.174755
0.174796
0.174692
0.1745
0.174312
0.174211
0.174233
0.174361
0.17453
0.174663
0.174702
0.17463
0.174478
0.1743
0.17416
0.1741
0.174137
0.174254
0.174415
0.174574
0.174697
0.174757
0.174746
0.174669
0.174547
0.174413
0.174301
0.174239
0.174239
0.174293
0.174377
0.174457
0.174503
0.174502
0.174465
0.174415
0.174384
0.17439
0.174432
0.174493
0.174546
0.174566
0.174545
0.174488
0.174415
0.174351
0.174316
0.174322
0.174368
0.174445
0.174536
0.174614
0.174653
0.174628
0.174528
0.174367
0.174186
0.174048
0.174016
0.174128
0.174369
0.174672
0.174931
0.175043
0.174952
0.17468
0.174326
0.17403
0.173907
0.174003
0.174267
0.174575
0.174783
0.174793
0.174607
0.174324
0.174093
0.174043
0.174213
0.174532
0.17485
0.175006
0.174911
0.174595
0.174198
0.173905
0.173855
0.174073
0.174455
0.174818
0.174987
0.174879
0.17455
0.174163
0.173913
0.173929
0.174211
0.174629
0.174982
0.175096
0.174912
0.174513
0.174081
0.17381
0.173809
0.174065
0.174446
0.174774
0.174912
0.174827
0.174601
0.174377
0.174277
0.17434
0.174502
0.174639
0.174639
0.174468
0.174198
0.17397
0.173918
0.1741
0.174457
0.174839
0.175072
0.175046
0.174773
0.174383
0.174056
0.173936
0.174063
0.174353
0.174646
0.17479
0.174715
0.174471
0.174199
0.174052
0.174118
0.174372
0.17469
0.174908
0.174912
0.174695
0.174361
0.174075
0.173972
0.174094
0.174372
0.174659
0.17481
0.174752
0.174523
0.174252
0.174086
0.17412
0.174341
0.174641
0.174867
0.174899
0.174715
0.174398
0.174095
0.173944
0.174007
0.174246
0.174543
0.174762
0.174814
0.174697
0.174492
0.174313
0.17425
0.174321
0.17447
0.174604
0.174639
0.174549
0.174372
0.174195
0.174105
0.17415
0.174312
0.174523
0.174701
0.174786
0.174761
0.174653
0.174513
0.174385
0.174291
0.174233
0.174203
0.174202
0.174242
0.174337
0.174485
0.174653
0.174783
0.17481
0.174705
0.174489
0.174238
0.174054
0.174017
0.174155
0.174418
0.174699
0.174877
0.174873
0.174688
0.174402
0.174136
0.174001
0.174049
0.174252
0.174522
0.174745
0.174838
0.174777
0.174601
0.174385
0.17421
0.174126
0.174144
0.174239
0.174372
0.174506
0.174621
0.174702
0.174737
0.174713
0.174622
0.174475
0.174304
0.174158
0.174092
0.174135
0.174277
0.17446
0.174609
0.17466
0.1746
0.17447
0.174348
0.17431
0.17439
0.174558
0.174727
0.174799
0.174712
0.174484
0.174205
0.173996
0.173955
0.174105
0.174381
0.174659
0.174815
0.17478
0.174583
0.174333
0.174166
0.174171
0.174351
0.174613
0.17482
0.17486
0.174697
0.174399
0.174103
0.17395
0.174014
0.174265
0.174583
0.174818
0.17486
0.174696
0.17441
0.17415
0.174046
0.174152
0.174413
0.174699
0.174868
0.174833
0.174608
0.174296
0.174042
0.173967
0.174107
0.174403
0.174723
0.174928
0.174932
0.174739
0.174437
0.174148
0.173982
0.173987
0.174144
0.174378
0.174596
0.174729
0.174751
0.174685
0.174575
0.174464
0.174379
0.174327
0.174305
0.174308
0.174336
0.174391
0.174467
0.174549
0.174605
0.174608
0.174543
0.174421
0.174284
0.174184
0.17417
0.174259
0.174427
0.174616
0.174757
0.174794
0.174709
0.174531
0.174321
0.174155
0.174093
0.174159
0.174329
0.174544
0.174723
0.174799
0.174739
0.174562
0.174329
0.174123
0.174023
0.174073
0.174262
0.174528
0.174771
0.174899
0.174861
0.174669
0.174399
0.174156
0.174038
0.174088
0.174281
0.174529
0.17472
0.174773
0.174669
0.174462
0.174252
0.174137
0.17417
0.17433
0.174537
0.174691
0.174719
0.174614
0.174436
0.174281
0.174228
0.174299
0.174449
0.174591
0.174645
0.174575
0.174416
0.174254
0.174181
0.174246
0.174423
0.174623
0.17474
0.174704
0.174528
0.174298
0.174133
0.174127
0.174296
0.174563
0.174795
0.174867
0.174727
0.174429
0.174109
0.173919
0.173958
0.174216
0.17458
0.174886
0.174995
0.174862
0.174557
0.174225
0.17402
0.174027
0.174229
0.174513
0.174734
0.174785
0.174652
0.174415
0.174203
0.174121
0.174202
0.174394
0.174591
0.174691
0.174652
0.174508
0.174354
0.174287
0.17435
0.174504
0.174653
0.174694
0.174582
0.174354
0.17412
0.174
0.174071
0.174319
0.17464
0.174887
0.174941
0.174773
0.174461
0.17415
0.173988
0.174048
0.174299
0.174618
0.174849
0.174882
0.1747
0.17439
0.174096
0.173953
0.174023
0.174274
0.174593
0.174844
0.174929
0.174825
0.174589
0.174324
0.174131
0.174069
0.174134
0.174276
0.17443
0.174544
0.174602
0.174613
0.174597
0.174572
0.174542
0.174503
0.174451
0.174391
0.174339
0.174312
0.174316
0.174347
0.174386
0.174415
0.174428
0.174432
0.174449
0.174494
0.174562
0.174625
0.174644
0.174591
0.17447
0.174318
0.174194
0.174156
0.174228
0.174383
0.174557
0.174675
0.174689
0.174602
0.17446
0.174335
0.174285
0.174326
0.174423
0.174511
0.174532
0.174471
0.17436
0.174268
0.174257
0.174352
0.174523
0.174692
0.174776
0.174725
0.174556
0.17434
0.174171
0.174119
0.174201
0.17437
0.174542
0.174637
0.174622
0.17452
0.174393
0.17431
0.174308
0.174378
0.174473
0.174541
0.174552
0.174515
0.174472
0.17446
0.17449
0.174532
0.174534
0.174456
0.174304
0.174138
0.17405
0.174117
0.174348
0.174674
0.174963
0.175078
0.174944
0.174592
0.174158
0.173825
0.173735
0.173926
0.174315
0.174731
0.174996
0.175005
0.174774
0.174432
0.174155
0.174076
0.174222
0.174499
0.174745
0.174815
0.174658
0.17434
0.174012
0.173837
0.173913
0.174219
0.17463
0.174967
0.175089
0.174958
0.174653
0.174322
0.174107
0.174081
0.174222
0.174433
0.174593
0.174621
0.174514
0.174342
0.174203
0.174172
0.174261
0.174423
0.17458
0.174667
0.174663
0.174598
0.174526
0.17449
0.174494
0.174506
0.174478
0.174387
0.174253
0.174137
0.174107
0.174207
0.174416
0.174659
0.174832
0.174855
0.174714
0.174469
0.174226
0.174088
0.174107
0.174263
0.174476
0.174643
0.174694
0.17462
0.174479
0.174355
0.174313
0.174367
0.174478
0.174577
0.1746
0.174525
0.174383
0.174244
0.174174
0.174206
0.174324
0.174474
0.174599
0.17466
0.174654
0.174607
0.174551
0.174505
0.174462
0.174404
0.174322
0.174233
0.174178
0.174203
0.174326
0.174517
0.1747
0.174785
0.174719
0.174518
0.174267
0.174087
0.174076
0.174257
0.174562
0.174849
0.174973
0.174858
0.174538
0.174151
0.173867
0.173817
0.174028
0.174405
0.174781
0.174989
0.174948
0.174698
0.174374
0.17414
0.174101
0.174253
0.174494
0.174673
0.174682
0.174512
0.174257
0.174067
0.174067
0.174286
0.174634
0.174941
0.175045
0.174871
0.174484
0.174054
0.173777
0.173783
0.174072
0.174516
0.174916
0.175092
0.174974
0.174632
0.174237
0.173976
0.17396
0.174178
0.174508
0.174784
0.174875
0.174749
0.174481
0.174207
0.174056
0.174083
0.174255
0.174472
0.174626
0.174658
0.174583
0.174477
0.174422
0.174458
0.174557
0.174643
0.174636
0.174506
0.174293
0.174094
0.174014
0.174108
0.174347
0.174626
0.174816
0.174827
0.174657
0.174393
0.174173
0.174113
0.174249
0.174518
0.174782
0.174899
0.174793
0.174499
0.174143
0.173888
0.173856
0.17407
0.174443
0.174818
0.175033
0.175002
0.174746
0.174382
0.174068
0.173929
0.174009
0.174256
0.174554
0.174776
0.174841
0.174742
0.174541
0.174333
0.174199
0.174179
0.174261
0.174392
0.174514
0.174584
0.17459
0.174549
0.174489
0.174433
0.174392
0.174369
0.174357
0.174357
0.17437
0.174399
0.174445
0.1745
0.174547
0.174569
0.174556
0.174511
0.174447
0.174385
0.174342
0.174331
0.174353
0.174399
0.174453
0.174501
0.174531
0.174534
0.174504
0.174445
0.174371
0.174308
0.17428
0.174308
0.174392
0.174513
0.174631
0.1747
0.174689
0.174594
0.174445
0.174295
0.1742
0.174193
0.174269
0.174391
0.174505
0.17457
0.17457
0.174521
0.174456
0.17441
0.1744
0.174419
0.174443
0.174448
0.17443
0.174409
0.174413
0.17446
0.174541
0.174616
0.174635
0.174562
0.174403
0.174214
0.174079
0.174075
0.174227
0.174486
0.174748
0.174895
0.174851
0.174623
0.174304
0.174037
0.173948
0.174091
0.174414
0.174776
0.175015
0.175012
0.174756
0.174352
0.173972
0.173779
0.173857
0.174171
0.174586
0.174924
0.175046
0.174909
0.174584
0.174222
0.173978
0.17395
0.174138
0.174449
0.174745
0.174902
0.174863
0.174662
0.174393
0.174167
0.174065
0.174105
0.174253
0.174438
0.174589
0.174664
0.174658
0.174595
0.174507
0.174426
0.174366
0.174331
0.174319
0.174332
0.17437
0.174431
0.1745
0.174556
0.174577
0.174553
0.174488
0.174409
0.17435
0.174339
0.174379
0.174449
0.174511
0.174533
0.1745
0.174423
0.174335
0.174274
0.174272
0.174335
0.174441
0.174554
0.174641
0.17468
0.17467
0.174615
0.174526
0.174416
0.174302
0.174199
0.174132
0.174123
0.174189
0.174331
0.17452
0.174705
0.174823
0.174831
0.174723
0.174538
0.174341
0.174203
0.174163
0.174223
0.174341
0.174458
0.174525
0.174524
0.174474
0.174419
0.174399
0.174428
0.174488
0.17454
0.174546
0.174497
0.174418
0.17435
0.174334
0.174382
0.174468
0.174545
0.174564
0.174507
0.174399
0.174299
0.174267
0.174332
0.174469
0.17461
0.174677
0.174623
0.174461
0.174263
0.174131
0.174139
0.174301
0.174553
0.17478
0.174869
0.174768
0.174517
0.174228
0.174036
0.174032
0.174223
0.174518
0.174777
0.174871
0.174748
0.174461
0.174142
0.173944
0.17396
0.174189
0.174533
0.174846
0.174999
0.174937
0.174703
0.17441
0.174184
0.174102
0.174161
0.174293
0.174406
0.17444
0.174395
0.174329
0.174319
0.174414
0.174596
0.174786
0.174879
0.174806
0.174571
0.17426
0.174004
0.173916
0.17404
0.174326
0.174647
0.174863
0.174881
0.174706
0.17443
0.174189
0.174097
0.174188
0.174405
0.17463
0.174744
0.174687
0.174486
0.174245
0.174086
0.174093
0.174268
0.17453
0.174756
0.174842
0.174755
0.174545
0.17432
0.174191
0.174217
0.174371
0.17456
0.174669
0.174626
0.174436
0.174184
0.173995
0.173973
0.174155
0.174484
0.174831
0.175054
0.175062
0.174852
0.174513
0.174181
0.173983
0.173981
0.17415
0.174394
0.174592
0.174658
0.174581
0.174419
0.17427
0.174225
0.174318
0.174515
0.174722
0.174833
0.174785
0.174585
0.174312
0.174077
0.173979
0.174064
0.1743
0.174589
0.174812
0.17488
0.174773
0.174544
0.174292
0.174119
0.174089
0.174204
0.174401
0.17459
0.174691
0.174669
0.174549
0.174394
0.174277
0.174248
0.174312
0.174432
0.174548
0.17461
0.174601
0.174535
0.174453
0.174394
0.174378
0.174395
0.174416
0.174415
0.174383
0.174337
0.174313
0.174342
0.17443
0.174551
0.174654
0.174685
0.174623
0.174487
0.174333
0.174227
0.174218
0.174305
0.174445
0.174567
0.17461
0.174555
0.174439
0.17433
0.174297
0.174369
0.174517
0.174664
0.17472
0.174631
0.174412
0.174147
0.173959
0.173951
0.174151
0.174498
0.174858
0.175082
0.175069
0.174817
0.174422
0.174046
0.173839
0.173883
0.174151
0.174523
0.174836
0.174958
0.174841
0.174543
0.174199
0.173956
0.173917
0.174095
0.174417
0.174751
0.174967
0.17499
0.174825
0.174548
0.174268
0.174079
0.174032
0.174116
0.174278
0.174448
0.174567
0.17461
0.17459
0.174538
0.174487
0.174458
0.174451
0.174455
0.174455
0.174442
0.174417
0.174388
0.17437
0.17437
0.174392
0.174429
0.174469
0.174501
0.174516
0.174512
0.17449
0.17446
0.174431
0.174411
0.174404
0.174409
0.174418
0.174424
0.174422
0.174412
0.174401
0.174403
0.174429
0.174476
0.17453
0.174566
0.174564
0.174517
0.174437
0.17435
0.174293
0.174292
0.174351
0.174446
0.174534
0.174576
0.174553
0.174479
0.174389
0.174329
0.17433
0.174391
0.174483
0.174559
0.174579
0.174534
0.174446
0.174358
0.174313
0.174331
0.174398
0.174475
0.174517
0.174501
0.174442
0.174382
0.174367
0.174419
0.174521
0.174621
0.174654
0.174584
0.174423
0.174236
0.174112
0.174121
0.174277
0.174521
0.174746
0.174843
0.174756
0.174513
0.174216
0.174004
0.173983
0.174179
0.174519
0.174859
0.175049
0.174998
0.174719
0.174325
0.173975
0.173808
0.173882
0.174154
0.174504
0.17479
0.174905
0.174826
0.174612
0.174371
0.174207
0.174176
0.174265
0.174418
0.174559
0.174635
0.174631
0.174569
0.174488
0.174421
0.174374
0.174338
0.174303
0.17427
0.174257
0.174289
0.174379
0.174515
0.174653
0.174735
0.174716
0.174593
0.174413
0.174252
0.17418
0.174231
0.174385
0.17457
0.174699
0.174707
0.174586
0.174387
0.174199
0.174107
0.174149
0.174306
0.174508
0.174668
0.174721
0.174655
0.174512
0.174364
0.174277
0.174286
0.174378
0.1745
0.174592
0.174612
0.174555
0.174454
0.174358
0.174303
0.174306
0.174352
0.174411
0.174452
0.174459
0.174439
0.174414
0.174408
0.174436
0.174495
0.174565
0.174615
0.174619
0.174568
0.17447
0.17435
0.174241
0.174178
0.174186
0.174274
0.174423
0.174589
0.174717
0.174761
0.174698
0.174541
0.174344
0.174183
0.174124
0.174193
0.174362
0.174558
0.174691
0.174697
0.174568
0.174363
0.174187
0.174137
0.174258
0.174514
0.174794
0.174961
0.174917
0.174652
0.174259
0.173895
0.173716
0.173804
0.174134
0.174579
0.174962
0.175135
0.17504
0.174737
0.174369
0.17409
0.174001
0.174106
0.174326
0.174541
0.174653
0.174627
0.174504
0.174371
0.174307
0.174341
0.174438
0.174525
0.174542
0.174477
0.174374
0.174308
0.174337
0.174467
0.174637
0.174746
0.174711
0.174516
0.174234
0.173997
0.173931
0.174094
0.174436
0.174814
0.175055
0.175039
0.174761
0.17434
0.173966
0.17381
0.17394
0.174293
0.174701
0.174967
0.174965
0.174701
0.174309
0.173986
0.173893
0.17408
0.174465
0.174863
0.175079
0.175005
0.17467
0.174225
0.173869
0.173754
0.173923
0.174293
0.174698
0.174967
0.175003
0.174822
0.174532
0.174274
0.17415
0.174181
0.174309
0.174436
0.174486
0.17444
0.174347
0.174286
0.174321
0.174458
0.174642
0.174779
0.174794
0.174663
0.174436
0.174211
0.174084
0.174106
0.174259
0.174466
0.17463
0.174682
0.174612
0.174468
0.174332
0.174271
0.174309
0.174418
0.17454
0.174616
0.174615
0.174549
0.174456
0.174379
0.174344
0.174343
0.174351
0.174344
0.174324
0.174315
0.174353
0.174458
0.174612
0.17476
0.174833
0.174778
0.174591
0.174326
0.174077
0.173937
0.173961
0.174142
0.174408
0.174659
0.174805
0.17481
0.174699
0.174541
0.174411
0.174356
0.174378
0.174439
0.174486
0.174475
0.174404
0.174304
0.174228
0.174217
0.174285
0.174405
0.174534
0.174626
0.174653
0.17462
0.174552
0.174479
0.174422
0.17439
0.174376
0.174375
0.174381
0.174394
0.174418
0.174452
0.174485
0.174499
0.174477
0.17442
0.174355
0.174318
0.174338
0.174416
0.174526
0.174621
0.174651
0.174589
0.17445
0.17429
0.174184
0.174187
0.174306
0.174496
0.174676
0.174771
0.174736
0.174586
0.174385
0.174221
0.174157
0.174208
0.174332
0.174461
0.17453
0.174511
0.174433
0.174356
0.174346
0.17443
0.174581
0.174727
0.174788
0.174717
0.174523
0.174277
0.174079
0.174013
0.174111
0.17433
0.174578
0.174748
0.174775
0.174655
0.174451
0.174258
0.17416
0.174196
0.174344
0.17453
0.17467
0.174704
0.174629
0.174489
0.174353
0.17428
0.174293
0.174375
0.174475
0.174539
0.174536
0.174472
0.174386
0.174325
0.174324
0.174382
0.174468
0.174536
0.174547
0.174491
0.174397
0.174314
0.174292
0.174356
0.17449
0.174642
0.174745
0.17475
0.174642
0.174454
0.17425
0.174101
0.174059
0.174132
0.174288
0.174462
0.174593
0.174649
0.174632
0.174575
0.174519
0.174493
0.174501
0.174522
0.174518
0.174465
0.174367
0.174259
0.174193
0.174211
0.174321
0.174485
0.174637
0.174706
0.174655
0.174501
0.174313
0.174181
0.174178
0.174315
0.174542
0.174756
0.174851
0.174768
0.174525
0.174217
0.173976
0.173916
0.174073
0.174392
0.174741
0.174971
0.174983
0.174769
0.174424
0.174095
0.173924
0.173981
0.174236
0.174572
0.174838
0.174918
0.174784
0.174505
0.174209
0.174027
0.174032
0.174212
0.174479
0.174713
0.174817
0.174758
0.174578
0.174369
0.174221
0.174187
0.174259
0.174386
0.174503
0.174565
0.17456
0.174513
0.174462
0.174436
0.174435
0.174439
0.174425
0.174385
0.174341
0.174329
0.174376
0.174479
0.174598
0.174674
0.174656
0.17453
0.174337
0.174159
0.174086
0.174168
0.174387
0.174656
0.174858
0.174898
0.174747
0.17446
0.174156
0.173961
0.17396
0.174149
0.174447
0.174725
0.17487
0.174829
0.174634
0.174383
0.174189
0.174132
0.174223
0.174406
0.174589
0.174688
0.174665
0.174543
0.174388
0.174276
0.174253
0.174317
0.174423
0.174511
0.174536
0.174489
0.174405
0.174336
0.174328
0.174395
0.174515
0.174633
0.174693
0.174659
0.174535
0.174365
0.174214
0.17414
0.174172
0.174298
0.174473
0.174635
0.174723
0.174705
0.174587
0.174413
0.174251
0.174163
0.174185
0.17431
0.174494
0.174666
0.174754
0.174718
0.174565
0.174353
0.174166
0.174085
0.174152
0.174349
0.174602
0.174807
0.174877
0.174773
0.174532
0.174243
0.17402
0.173948
0.174055
0.174294
0.17457
0.174782
0.174859
0.17479
0.174622
0.174432
0.174292
0.174239
0.174264
0.174327
0.174386
0.174421
0.174436
0.174454
0.174489
0.174539
0.174579
0.174577
0.174514
0.174403
0.174289
0.17423
0.174261
0.174377
0.174524
0.174629
0.174633
0.174525
0.174359
0.174225
0.174211
0.174349
0.174591
0.174828
0.174932
0.174827
0.174529
0.174148
0.17384
0.173742
0.173906
0.17427
0.174686
0.174983
0.175044
0.174861
0.174536
0.174229
0.174079
0.174145
0.174373
0.174636
0.174793
0.174763
0.174561
0.174287
0.174073
0.174019
0.174141
0.174368
0.174584
0.174687
0.174643
0.1745
0.174359
0.174316
0.174408
0.174591
0.174757
0.174799
0.174667
0.174399
0.174106
0.173922
0.173939
0.174159
0.174495
0.174804
0.174956
0.174893
0.174656
0.174355
0.174122
0.174044
0.174133
0.174326
0.174522
0.174635
0.174635
0.174555
0.174463
0.174419
0.174444
0.174512
0.174567
0.17456
0.174475
0.174345
0.174231
0.174193
0.17425
0.174375
0.174506
0.174582
0.174574
0.174503
0.174422
0.174389
0.174433
0.174536
0.174637
0.174668
0.17459
0.174418
0.17422
0.174083
0.174075
0.17421
0.174439
0.174671
0.174812
0.174807
0.174662
0.174443
0.174239
0.174131
0.174155
0.174292
0.174481
0.174642
0.174716
0.174678
0.174547
0.174374
0.174218
0.174134
0.174157
0.174286
0.174489
0.174707
0.174868
0.174907
0.174788
0.174527
0.174196
0.173905
0.173766
0.173847
0.174145
0.174569
0.17497
0.175198
0.17516
0.174869
0.174438
0.174036
0.173817
0.173856
0.174116
0.174469
0.17475
0.174841
0.174721
0.174471
0.174231
0.174129
0.174219
0.174454
0.174712
0.174857
0.174807
0.17458
0.174282
0.174056
0.174005
0.174145
0.174399
0.174638
0.174744
0.174676
0.174483
0.174282
0.174191
0.174269
0.174482
0.174718
0.174848
0.174794
0.174567
0.174269
0.174036
0.173977
0.174111
0.174366
0.174614
0.174738
0.17469
0.174517
0.174329
0.174243
0.174317
0.174514
0.174723
0.17482
0.174731
0.174478
0.174171
0.173957
0.173943
0.174147
0.174478
0.174787
0.174931
0.174849
0.17459
0.174285
0.174083
0.174076
0.174254
0.174515
0.174715
0.174751
0.174606
0.174363
0.174158
0.174108
0.174251
0.174523
0.174788
0.174904
0.174802
0.174516
0.174175
0.173939
0.173922
0.174135
0.174482
0.174803
0.174951
0.17486
0.174579
0.174243
0.174011
0.173989
0.174183
0.1745
0.174792
0.17493
0.174856
0.174611
0.17431
0.174083
0.174017
0.174121
0.174329
0.174542
0.174669
0.174675
0.174585
0.174466
0.174386
0.17438
0.174432
0.174496
0.174518
0.174474
0.174378
0.17428
0.174238
0.174285
0.174415
0.174578
0.174704
0.174738
0.174664
0.174512
0.174341
0.174216
0.174179
0.174231
0.174338
0.174448
0.174518
0.174534
0.174509
0.174474
0.174459
0.174477
0.17452
0.174558
0.174559
0.174507
0.174417
0.174325
0.174271
0.174281
0.174352
0.174456
0.174546
0.174578
0.174533
0.174431
0.17432
0.174259
0.174286
0.174404
0.17457
0.174714
0.174767
0.174693
0.174509
0.174283
0.174103
0.174046
0.17414
0.174355
0.174604
0.174785
0.174822
0.174701
0.174476
0.174245
0.17411
0.174129
0.17429
0.174514
0.174696
0.174751
0.174655
0.174458
0.174254
0.174143
0.174179
0.174346
0.174563
0.174725
0.174752
0.174633
0.174426
0.174234
0.174149
0.174213
0.174393
0.174595
0.174713
0.174682
0.174515
0.174292
0.174126
0.174103
0.174246
0.174495
0.174739
0.174864
0.17481
0.174603
0.174336
0.17413
0.174073
0.174182
0.174398
0.174612
0.174722
0.174679
0.17451
0.174302
0.17416
0.174153
0.174285
0.174498
0.174695
0.17479
0.174745
0.174584
0.174381
0.174222
0.174162
0.174212
0.174337
0.174477
0.174576
0.174605
0.174567
0.174492
0.174414
0.174358
0.174333
0.174339
0.174371
0.174426
0.174496
0.174569
0.174626
0.174643
0.174597
0.174484
0.174328
0.174178
0.174097
0.174128
0.174272
0.174488
0.174699
0.174826
0.174819
0.174679
0.174462
0.174253
0.174127
0.174126
0.174242
0.17442
0.174586
0.174678
0.17467
0.174578
0.174447
0.174327
0.174258
0.174255
0.174314
0.17441
0.174513
0.174594
0.174632
0.174616
0.174542
0.174425
0.174295
0.174197
0.174177
0.174262
0.174438
0.174652
0.174821
0.174868
0.174751
0.174495
0.174186
0.173942
0.173864
0.173992
0.174284
0.174631
0.1749
0.174992
0.174882
0.174632
0.174357
0.174174
0.174143
0.174251
0.174418
0.174547
0.174569
0.174481
0.174341
0.174237
0.174237
0.174353
0.174532
0.174683
0.174728
0.174639
0.17446
0.174281
0.174192
0.174236
0.17439
0.174573
0.174689
0.174675
0.174538
0.174348
0.174207
0.174188
0.174303
0.17449
0.174653
0.174704
0.174612
0.174419
0.17422
0.174117
0.174165
0.174341
0.174563
0.174727
0.174761
0.174659
0.174484
0.174328
0.17427
0.17433
0.17446
0.174577
0.174604
0.174516
0.174351
0.174194
0.17413
0.174197
0.174364
0.174549
0.174661
0.174653
0.174545
0.174416
0.174357
0.17442
0.174585
0.174762
0.174833
0.174716
0.174418
0.174042
0.173748
0.173681
0.1739
0.174345
0.174851
0.175217
0.175293
0.175046
0.174581
0.174092
0.173775
0.173748
0.174006
0.174422
0.174811
0.175008
0.174943
0.174665
0.174311
0.174042
0.173967
0.174106
0.174384
0.17467
0.174839
0.174826
0.17465
0.174397
0.174177
0.174078
0.174128
0.174293
0.174495
0.174654
0.17472
0.174683
0.174575
0.17445
0.174357
0.174321
0.174341
0.174389
0.174435
0.174456
0.174448
0.174421
0.174391
0.174374
0.174383
0.174418
0.174469
0.17452
0.174556
0.174565
0.174546
0.174503
0.174447
0.174388
0.17434
0.174314
0.174313
0.174336
0.174379
0.174437
0.174505
0.174572
0.174624
0.174644
0.174617
0.174538
0.174416
0.174278
0.174161
0.174106
0.174142
0.17427
0.17446
0.174655
0.174793
0.174829
0.174756
0.174603
0.174424
0.174276
0.1742
0.174206
0.174271
0.174354
0.17442
0.174453
0.174461
0.174463
0.174475
0.174499
0.174524
0.174527
0.174496
0.174442
0.174394
0.174387
0.174438
0.17453
0.174617
0.174639
0.174558
0.174377
0.174158
0.173995
0.173977
0.174139
0.174446
0.174791
0.17504
0.175087
0.174899
0.174541
0.174152
0.173882
0.173833
0.174013
0.174339
0.17467
0.174873
0.174877
0.174699
0.174436
0.174214
0.17413
0.174209
0.174399
0.174602
0.174718
0.174696
0.174549
0.174348
0.174186
0.174131
0.174202
0.174362
0.17454
0.174669
0.174709
0.17466
0.174559
0.174449
0.174364
0.174317
0.174302
0.174308
0.17433
0.174366
0.174421
0.174492
0.174561
0.174601
0.174588
0.174515
0.174406
0.174306
0.174265
0.17431
0.174432
0.174581
0.174687
0.174692
0.174578
0.174383
0.174181
0.17406
0.174078
0.174238
0.174484
0.174724
0.174869
0.174865
0.174718
0.174489
0.174264
0.174121
0.174099
0.17419
0.174347
0.174505
0.174609
0.174635
0.174593
0.174514
0.174436
0.174385
0.174369
0.174385
0.174416
0.174443
0.174453
0.174446
0.17443
0.17442
0.174423
0.174446
0.174484
0.174528
0.174559
0.174557
0.174511
0.174423
0.174318
0.17423
0.174198
0.174246
0.174367
0.174526
0.174665
0.174727
0.174685
0.174551
0.17438
0.174246
0.174209
0.174291
0.174457
0.174631
0.174728
0.174693
0.174528
0.174297
0.174097
0.174015
0.174092
0.174302
0.174564
0.174776
0.174856
0.174783
0.174599
0.174393
0.174253
0.174228
0.174309
0.174438
0.174542
0.174564
0.174497
0.17438
0.174279
0.17425
0.174309
0.174426
0.174546
0.174612
0.174598
0.174517
0.174416
0.17435
0.174354
0.174423
0.174513
0.174573
0.174566
0.174493
0.174389
0.174304
0.174279
0.174324
0.174415
0.174505
0.174549
0.174531
0.174469
0.174405
0.174377
0.174402
0.174462
0.174518
0.174529
0.174479
0.17439
0.17431
0.174292
0.174359
0.174493
0.174634
0.174713
0.174678
0.174531
0.174327
0.174154
0.174093
0.174175
0.174368
0.174586
0.174733
0.174743
0.174613
0.174405
0.174219
0.174147
0.174227
0.174424
0.174648
0.174793
0.174788
0.174631
0.174389
0.174169
0.174067
0.174124
0.174309
0.174537
0.174704
0.174735
0.17462
0.174418
0.174227
0.174139
0.174196
0.174376
0.174602
0.174777
0.174826
0.174728
0.174527
0.174306
0.174152
0.174112
0.174186
0.174329
0.174473
0.174562
0.174575
0.174532
0.174475
0.174445
0.17446
0.174506
0.17455
0.174553
0.174494
0.17439
0.174286
0.174232
0.174258
0.17436
0.174497
0.17461
0.17465
0.174598
0.17448
0.174354
0.174282
0.1743
0.174401
0.174532
0.174625
0.174623
0.174516
0.174344
0.174186
0.174121
0.174191
0.174384
0.174629
0.174826
0.174887
0.17478
0.174543
0.174266
0.174058
0.173995
0.174094
0.174308
0.174546
0.174715
0.174757
0.17468
0.174539
0.174408
0.17434
0.174346
0.174398
0.174443
0.17444
0.174386
0.174316
0.174287
0.17434
0.174472
0.174634
0.174745
0.174737
0.174591
0.174357
0.174136
0.174036
0.174117
0.174359
0.17466
0.174884
0.174917
0.174727
0.174384
0.174035
0.17384
0.173897
0.174198
0.174626
0.174999
0.175155
0.175023
0.174657
0.174213
0.173876
0.173781
0.173956
0.174314
0.174691
0.174922
0.174916
0.174694
0.174375
0.174116
0.174039
0.174173
0.174449
0.174734
0.174893
0.17485
0.174625
0.174315
0.174052
0.173942
0.174016
0.174233
0.174498
0.174712
0.174811
0.174786
0.174679
0.17455
0.174446
0.17438
0.174336
0.174291
0.17424
0.174199
0.174204
0.174282
0.174432
0.174616
0.174765
0.174816
0.174735
0.174548
0.174326
0.174159
0.174117
0.174211
0.174394
0.17458
0.174686
0.174667
0.174536
0.17436
0.174226
0.174197
0.174287
0.174451
0.174613
0.174701
0.17468
0.174567
0.174417
0.174298
0.174255
0.17429
0.174368
0.174439
0.174465
0.174444
0.174404
0.174391
0.174439
0.174544
0.174663
0.174733
0.174701
0.174556
0.174339
0.174128
0.174005
0.174023
0.174183
0.174428
0.174669
0.174818
0.174827
0.174708
0.174521
0.174345
0.174246
0.174249
0.174336
0.174454
0.174539
0.174552
0.174489
0.174385
0.174294
0.174261
0.174306
0.174415
0.174547
0.174649
0.174681
0.174627
0.174503
0.174354
0.17423
0.174178
0.174216
0.174335
0.174496
0.174647
0.174738
0.174738
0.174642
0.174478
0.1743
0.174168
0.174129
0.174192
0.174332
0.174498
0.174631
0.174682
0.174636
0.174512
0.174363
0.174254
0.174232
0.174307
0.174453
0.174616
0.174735
0.174767
0.174695
0.174541
0.174348
0.174169
0.174049
0.174018
0.174083
0.174233
0.174435
0.174649
0.174828
0.174927
0.174913
0.174777
0.174547
0.174286
0.174074
0.173981
0.174038
0.174225
0.174473
0.174684
0.174774
0.174707
0.174516
0.174292
0.174144
0.174145
0.174303
0.174553
0.174783
0.174882
0.174796
0.174552
0.174255
0.174033
0.173984
0.174127
0.174392
0.174658
0.174804
0.174767
0.174576
0.174332
0.174164
0.174158
0.174318
0.174561
0.174759
0.174803
0.174658
0.174384
0.174109
0.173971
0.174046
0.17431
0.174647
0.174902
0.174955
0.174783
0.174464
0.174148
0.17398
0.174033
0.174274
0.174578
0.174793
0.174815
0.174635
0.174349
0.174106
0.174035
0.174183
0.174489
0.174807
0.17498
0.174916
0.174632
0.174249
0.173931
0.173816
0.173952
0.174281
0.174659
0.17493
0.17499
0.174837
0.174556
0.174277
0.174108
0.174099
0.174222
0.174401
0.174547
0.174607
0.174581
0.174512
0.174453
0.174432
0.174443
0.174452
0.174428
0.174367
0.1743
0.174278
0.174337
0.174476
0.174644
0.17476
0.174751
0.174597
0.174347
0.174108
0.173992
0.174066
0.174313
0.174637
0.174897
0.174975
0.174826
0.17451
0.174159
0.173925
0.173905
0.174105
0.174435
0.174749
0.174913
0.174867
0.174644
0.174359
0.174146
0.174097
0.174224
0.174456
0.174676
0.174775
0.174707
0.174507
0.174269
0.174104
0.174085
0.174216
0.174435
0.174642
0.17475
0.17472
0.174577
0.174394
0.174258
0.174225
0.174302
0.174448
0.174593
0.174671
0.174649
0.174538
0.174386
0.174253
0.174187
0.174209
0.174303
0.174433
0.174554
0.174631
0.174646
0.174604
0.174526
0.174436
0.17436
0.174317
0.174314
0.174347
0.174402
0.174461
0.17451
0.174534
0.174529
0.1745
0.17446
0.174422
0.174398
0.174389
0.174393
0.174405
0.17442
0.174436
0.174454
0.17447
0.174479
0.174475
0.174455
0.174427
0.1744
0.174388
0.174404
0.17445
0.174513
0.174565
0.174576
0.174532
0.174444
0.174347
0.174285
0.174288
0.17436
0.174469
0.174559
0.17458
0.174511
0.174378
0.174243
0.174181
0.174243
0.174424
0.17466
0.174851
0.174905
0.174785
0.17453
0.174239
0.17403
0.173986
0.174116
0.174356
0.17459
0.174712
0.17467
0.174499
0.174297
0.174183
0.174228
0.174423
0.174676
0.174864
0.174884
0.174711
0.174407
0.174104
0.173937
0.173981
0.174215
0.17453
0.174784
0.174868
0.174755
0.174507
0.174249
0.174104
0.174136
0.174317
0.174546
0.174704
0.174715
0.174577
0.174367
0.174195
0.174155
0.174275
0.174502
0.174725
0.174837
0.174782
0.174582
0.174325
0.174117
0.174041
0.174113
0.174286
0.174476
0.174603
0.174634
0.174587
0.174515
0.174466
0.174466
0.174498
0.174521
0.174499
0.174426
0.174338
0.174289
0.174317
0.174423
0.174557
0.174648
0.174632
0.174495
0.174286
0.174103
0.174044
0.174158
0.174418
0.174725
0.17495
0.174988
0.174812
0.174487
0.174145
0.173924
0.17391
0.174101
0.174412
0.174713
0.174886
0.174875
0.174704
0.174461
0.174249
0.174143
0.174165
0.174276
0.174409
0.174501
0.174525
0.174495
0.174452
0.174435
0.17446
0.174516
0.174572
0.174597
0.174573
0.174505
0.174419
0.174347
0.174306
0.174294
0.174298
0.174308
0.174326
0.17436
0.17442
0.174507
0.174606
0.174687
0.174714
0.174668
0.174554
0.17441
0.174283
0.174211
0.174211
0.174269
0.174355
0.174432
0.174479
0.1745
0.174512
0.174529
0.174551
0.174562
0.174544
0.174487
0.174402
0.174321
0.174288
0.174329
0.174434
0.174554
0.17462
0.174586
0.174449
0.174263
0.174119
0.174104
0.174255
0.174533
0.17483
0.175012
0.174983
0.17473
0.17434
0.173963
0.173751
0.173793
0.174078
0.174494
0.174875
0.175077
0.175032
0.174781
0.174444
0.17416
0.174031
0.174077
0.174242
0.17443
0.174552
0.17457
0.17451
0.174436
0.174408
0.174451
0.174537
0.174606
0.174607
0.174523
0.174391
0.174277
0.174243
0.174308
0.174438
0.174559
0.174598
0.174524
0.174372
0.174226
0.174174
0.174264
0.174474
0.174714
0.174868
0.174851
0.174654
0.174357
0.174092
0.173979
0.174071
0.174325
0.17462
0.174814
0.174815
0.174625
0.174338
0.174099
0.174029
0.17417
0.174461
0.174765
0.174934
0.174882
0.174628
0.174284
0.174003
0.173909
0.174041
0.174336
0.174664
0.174884
0.174912
0.174756
0.174502
0.17427
0.174155
0.174183
0.174307
0.17444
0.174502
0.174464
0.174365
0.174283
0.174291
0.174413
0.17461
0.174792
0.174867
0.174783
0.174557
0.174277
0.174055
0.173981
0.174083
0.174312
0.174565
0.174735
0.174755
0.174632
0.174433
0.174257
0.174181
0.174236
0.174391
0.174574
0.174708
0.174741
0.174667
0.174524
0.174372
0.174258
0.174206
0.174213
0.174257
0.174319
0.174393
0.174479
0.174578
0.174678
0.174746
0.174743
0.174646
0.174463
0.174244
0.174065
0.173997
0.174078
0.174291
0.174562
0.17479
0.174883
0.174807
0.174595
0.174341
0.174155
0.174116
0.174237
0.174458
0.174672
0.174772
0.174705
0.174492
0.174224
0.174018
0.173975
0.174124
0.174415
0.174732
0.174946
0.174971
0.174797
0.174497
0.174192
0.174003
0.174002
0.174179
0.174452
0.174703
0.174831
0.174788
0.174599
0.17435
0.174144
0.174061
0.174126
0.1743
0.17451
0.174676
0.174743
0.1747
0.174579
0.174441
0.17434
0.174305
0.17433
0.174385
0.174441
0.174475
0.174482
0.174471
0.174457
0.174448
0.174445
0.174437
0.174413
0.174375
0.174336
0.174322
0.174352
0.17443
0.174537
0.174639
0.174695
0.174679
0.174587
0.174445
0.174299
0.174197
0.174174
0.174231
0.174346
0.174475
0.174575
0.174618
0.174597
0.174527
0.17444
0.174369
0.174338
0.174352
0.174403
0.174469
0.174527
0.17456
0.174559
0.174522
0.174458
0.174385
0.174321
0.174286
0.174288
0.174329
0.174401
0.174485
0.174561
0.174609
0.174616
0.17458
0.174511
0.174426
0.174347
0.174293
0.174277
0.174303
0.174365
0.17445
0.174537
0.174599
0.174614
0.174573
0.174485
0.174378
0.174287
0.174249
0.174285
0.174387
0.17452
0.174631
0.174671
0.174616
0.174482
0.174324
0.17421
0.174195
0.174292
0.174464
0.174635
0.174724
0.174682
0.17452
0.174306
0.174138
0.174101
0.174223
0.17446
0.174712
0.174864
0.174838
0.174635
0.174335
0.174068
0.173955
0.174049
0.174316
0.174642
0.174886
0.17494
0.174782
0.174481
0.174169
0.173981
0.173992
0.17419
0.174477
0.174723
0.174823
0.174745
0.17454
0.174316
0.174183
0.174202
0.17436
0.174573
0.174732
0.174757
0.17463
0.174409
0.174188
0.174057
0.174064
0.174195
0.174391
0.174573
0.174682
0.174702
0.174658
0.174593
0.174541
0.17451
0.174483
0.174436
0.174359
0.174268
0.174202
0.174203
0.174284
0.174422
0.17456
0.174636
0.174617
0.174518
0.174393
0.174313
0.174327
0.174436
0.174587
0.174696
0.174691
0.174553
0.174332
0.174128
0.174043
0.17413
0.174365
0.174651
0.174859
0.174889
0.174717
0.174412
0.17411
0.173948
0.174004
0.174256
0.174593
0.174865
0.174949
0.174808
0.174504
0.174177
0.173974
0.173986
0.174206
0.174534
0.174823
0.174947
0.174856
0.174595
0.174281
0.174046
0.173982
0.174099
0.174327
0.174556
0.174691
0.174691
0.174585
0.174449
0.174366
0.174379
0.174475
0.174589
0.174644
0.174588
0.17443
0.174233
0.174088
0.17407
0.174201
0.174437
0.174687
0.174852
0.174865
0.174721
0.174483
0.174244
0.174096
0.174085
0.1742
0.17438
0.174548
0.17464
0.174636
0.174562
0.174469
0.174409
0.174406
0.174451
0.174509
0.174536
0.174507
0.174429
0.174336
0.174271
0.174265
0.17432
0.174411
0.174496
0.174539
0.174528
0.17448
0.174436
0.174431
0.174479
0.17456
0.174628
0.174634
0.17455
0.17439
0.174208
0.174082
0.174076
0.174205
0.17443
0.174666
0.174817
0.174822
0.174677
0.174444
0.174227
0.174124
0.174181
0.17437
0.174599
0.174752
0.174747
0.174573
0.174299
0.174049
0.173947
0.174061
0.174362
0.174739
0.175036
0.175122
0.17495
0.174579
0.174148
0.173821
0.17372
0.173874
0.174212
0.1746
0.174892
0.174994
0.174892
0.174657
0.174402
0.17423
0.174187
0.174256
0.174373
0.174468
0.174501
0.174473
0.174418
0.174384
0.174398
0.174453
0.174512
0.17453
0.174487
0.174403
0.174329
0.174316
0.174387
0.174522
0.174657
0.174718
0.174655
0.174476
0.174247
0.174068
0.174024
0.174145
0.174392
0.174669
0.174863
0.174894
0.174753
0.174505
0.174258
0.174113
0.174117
0.174247
0.174426
0.174567
0.174608
0.174547
0.174432
0.174339
0.174328
0.174411
0.174544
0.174652
0.174669
0.174576
0.174409
0.174242
0.174153
0.174182
0.174319
0.174499
0.17464
0.174682
0.174616
0.174486
0.174366
0.174317
0.174359
0.174459
0.174552
0.174571
0.17449
0.174339
0.174194
0.174135
0.17421
0.174406
0.174651
0.174841
0.174887
0.174762
0.174512
0.174239
0.174057
0.174038
0.174187
0.174434
0.17467
0.174786
0.174731
0.174527
0.174265
0.174061
0.174005
0.174131
0.1744
0.174714
0.174953
0.175025
0.174904
0.174634
0.174312
0.174044
0.173911
0.173943
0.174115
0.17436
0.174593
0.174747
0.174786
0.174719
0.174585
0.17444
0.174333
0.174289
0.174305
0.174358
0.17442
0.174466
0.174486
0.174483
0.174471
0.174463
0.174466
0.174476
0.174483
0.174476
0.174451
0.174413
0.174376
0.174357
0.174366
0.1744
0.17444
0.174468
0.174471
0.174449
0.17442
0.174404
0.174421
0.174475
0.174549
0.174611
0.174627
0.174578
0.174475
0.174354
0.174257
0.17422
0.174253
0.174339
0.17444
0.174511
0.174526
0.174489
0.174431
0.174395
0.174406
0.174468
0.174553
0.174618
0.174627
0.174568
0.174464
0.174357
0.174293
0.174291
0.174342
0.174411
0.174457
0.174454
0.174409
0.174357
0.174339
0.174385
0.174484
0.174594
0.174658
0.174635
0.174522
0.174366
0.174241
0.174218
0.174322
0.174514
0.174705
0.174795
0.174722
0.174497
0.174202
0.173961
0.173889
0.174033
0.174353
0.174725
0.174996
0.175051
0.174864
0.174512
0.174143
0.173911
0.173913
0.174145
0.174505
0.174837
0.175002
0.174933
0.174661
0.174302
0.174001
0.173874
0.173961
0.174212
0.174521
0.174767
0.174872
0.174818
0.174654
0.17446
0.174312
0.17425
0.174268
0.174329
0.174391
0.174428
0.174441
0.174448
0.174469
0.174509
0.174549
0.174561
0.174524
0.174442
0.174344
0.174273
0.174267
0.174339
0.174464
0.174587
0.174651
0.174624
0.174513
0.174367
0.174251
0.174222
0.174297
0.174443
0.174592
0.174674
0.174648
0.174524
0.174359
0.174231
0.174204
0.174294
0.174463
0.174632
0.17472
0.174681
0.174525
0.174318
0.17415
0.174098
0.174189
0.174386
0.174605
0.174755
0.174774
0.174662
0.174474
0.174301
0.17422
0.174261
0.174395
0.174544
0.174623
0.174583
0.174436
0.174249
0.174118
0.17412
0.174277
0.174534
0.174787
0.174926
0.174885
0.174673
0.174374
0.174108
0.173983
0.174044
0.174257
0.174519
0.174711
0.174755
0.174642
0.174439
0.174254
0.174181
0.174262
0.17446
0.174677
0.174803
0.174768
0.174576
0.174307
0.174078
0.17399
0.174083
0.174319
0.174595
0.174796
0.174843
0.174727
0.17451
0.174295
0.174172
0.174187
0.174316
0.174489
0.17462
0.174648
0.17457
0.174431
0.174305
0.17425
0.174284
0.174382
0.174493
0.174567
0.174579
0.174537
0.174477
0.174439
0.174439
0.174462
0.174473
0.174444
0.174371
0.174283
0.174227
0.174247
0.174359
0.174531
0.174698
0.174789
0.17476
0.174618
0.174421
0.174246
0.17416
0.174186
0.174298
0.174428
0.174511
0.17451
0.17444
0.17436
0.174335
0.174404
0.174552
0.174715
0.174806
0.174764
0.174582
0.17432
0.174077
0.173957
0.174015
0.174233
0.174528
0.17478
0.174891
0.174822
0.174608
0.174344
0.174136
0.174063
0.174145
0.174337
0.174554
0.17471
0.17475
0.174673
0.174524
0.174369
0.174265
0.174243
0.174299
0.1744
0.174504
0.174576
0.174596
0.174561
0.174483
0.174385
0.17429
0.174226
0.174213
0.174265
0.174377
0.174527
