-0.000189932
-0.000373885
-0.000552037
-0.000724564
-0.000891637
-0.00105343
-0.0012101
-0.00136181
-0.00150871
-0.00165096
-0.00178871
-0.00192208
-0.00205123
-0.00217628
-0.00229736
-0.0024146
-0.00252812
-0.00263803
-0.00274445
-0.00284749
-0.00294726
-0.00304385
-0.00313738
-0.00322793
-0.0033156
-0.00340048
-0.00348266
-0.00356222
-0.00363925
-0.00371383
-0.00378603
-0.00385594
-0.00392361
-0.00398913
-0.00405256
-0.00411396
-0.00417341
-0.00423096
-0.00428668
-0.00434061
-0.00439283
-0.00444337
-0.0044923
-0.00453967
-0.00458553
-0.00462992
-0.00467289
-0.00471449
-0.00475475
-0.00479373
-0.00483146
-0.00486798
-0.00490334
-0.00493756
-0.00497069
-0.00500275
-0.00503379
-0.00506383
-0.00509291
-0.00512106
-0.00514831
-0.00517468
-0.0052002
-0.00522491
-0.00524882
-0.00527197
-0.00529437
-0.00531606
-0.00533704
-0.00535736
-0.00537702
-0.00539605
-0.00541446
-0.00543229
-0.00544954
-0.00546624
-0.0054824
-0.00549804
-0.00551318
-0.00552783
-0.00554201
-0.00555573
-0.00556901
-0.00558186
-0.0055943
-0.00560634
-0.00561799
-0.00562927
-0.00564018
-0.00565074
-0.00566096
-0.00567085
-0.00568042
-0.00568969
-0.00569865
-0.00570733
-0.00571572
-0.00572385
-0.00573171
-0.00573932
-0.00574668
-0.00575381
-0.0057607
-0.00576738
-0.00577383
-0.00578008
-0.00578613
-0.00579198
-0.00579765
-0.00580313
-0.00580843
-0.00581356
-0.00581853
-0.00582334
-0.00582799
-0.00583249
-0.00583684
-0.00584106
-0.00584514
-0.00584908
-0.0058529
-0.0058566
-0.00586017
-0.00586363
-0.00586698
-0.00587022
-0.00587336
-0.00587639
-0.00587933
-0.00588217
-0.00588492
-0.00588758
-0.00589016
-0.00589265
-0.00589506
-0.00589739
-0.00589965
-0.00590184
-0.00590395
-0.005906
-0.00590798
-0.00590989
-0.00591174
-0.00591354
-0.00591527
-0.00591695
-0.00591858
-0.00592015
-0.00592168
-0.00592315
-0.00592457
-0.00592595
-0.00592729
-0.00592858
-0.00592983
-0.00593104
-0.00593221
-0.00593335
-0.00593444
-0.0059355
-0.00593653
-0.00593752
-0.00593849
-0.00593942
-0.00594032
-0.00594119
-0.00594203
-0.00594285
-0.00594364
-0.0059444
-0.00594514
-0.00594586
-0.00594655
-0.00594722
-0.00594787
-0.0059485
-0.00594911
-0.0059497
-0.00595027
-0.00595082
-0.00595135
-0.00595187
-0.00595237
-0.00595286
-0.00595332
-0.00595378
-0.00595422
-0.00595464
-0.00595505
-0.00595545
-0.00595584
-0.00595621
-0.00595657
-0.00595692
-0.00595726
-0.00595759
-0.0059579
-0.00595821
-0.00595851
-0.0059588
