-0.989836
-0.98983
-0.9898
-0.989721
-0.989568
-0.989317
-0.988944
-0.988424
-0.987733
-0.986846
-0.985739
-0.984386
-0.982765
-0.98085
-0.978616
-0.97604
-0.973096
-0.969761
-0.966009
-0.961817
-0.957159
-0.952012
-0.946351
-0.94015
-0.933387
-0.926036
-0.918073
-0.909474
-0.900213
-0.890266
-0.87961
-0.868219
-0.856069
-0.843135
-0.829393
-0.814819
-0.799388
-0.783075
-0.765856
-0.747707
-0.728602
-0.708518
-0.687431
-0.665314
-0.642145
-0.617899
-0.59255
-0.566075
-0.538449
-0.509648
-0.479647
-0.448421
-0.415947
-0.382199
-0.347154
-0.310786
-0.273071
-0.233985
-0.193503
-0.151601
-0.108255
-0.0634385
-0.0171287
0.0306994
0.0800702
0.131008
0.183538
0.237684
0.29347
0.350922
0.410064
0.470919
0.533514
0.597871
0.664016
0.731973
0.801767
0.873421
0.946962
1.02241
1.0998
1.17914
1.26047
1.3438
1.42917
1.5166
1.6061
1.69772
1.79146
1.88736
1.98543
2.08571
2.18822
2.29299
2.40003
2.50937
2.62104
2.73506
2.85145
2.91024
