0
0.00302657
0.00600615
0.00889037
0.0116324
0.0141876
0.0165146
0.0185754
0.0203366
0.0217696
0.0228512
0.0235638
0.023896
0.0238424
0.0234042
0.0225887
0.0214094
0.0198857
0.0180429
0.0159111
0.0135256
0.0109255
0.00815361
0.00525542
0.00227858
-0.000728008
-0.00371496
-0.00663323
-0.0094349
-0.012074
-0.0145072
-0.0166945
-0.0186003
-0.0201931
-0.021447
-0.0223415
-0.0228621
-0.0230004
-0.0227542
-0.022128
-0.0211321
-0.0197834
-0.0181042
-0.0161225
-0.0138712
-0.0113877
-0.00871327
-0.00589234
-0.00297175
0
