0
0.00122436
0.00489746
0.0110193
0.0195898
0.0306091
0.0440771
0.0599939
0.0783594
0.0991736
0.122436
0.148148
0.176309
0.206918
0.239976
0.275482
0.313437
0.353841
0.396694
0.441996
0.489746
0.539945
0.592593
0.647689
0.705234
0.765228
0.827671
0.892562
0.959902
1.02969
1.10193
1.17661
1.25375
1.33333
1.41537
1.49985
1.58678
1.67616
1.76798
1.86226
1.95898
2.05816
2.15978
2.26385
2.37037
2.47934
2.59076
2.70462
2.82094
2.9397
3.06091
3.18457
3.31068
3.43924
3.57025
3.7037
3.83961
3.97796
4.11876
4.26201
4.40771
4.55586
4.70646
4.8595
5.015
5.17294
5.33333
5.49617
5.66146
5.8292
5.99939
6.17202
6.34711
6.52464
6.70462
6.88705
7.07193
7.25926
7.44904
7.64126
7.83594
8.03306
8.23263
8.43465
8.63912
8.84604
9.0554
9.26722
9.48148
9.69819
9.91736
10.139
10.363
10.5895
10.8185
11.0499
11.2837
11.52
11.7588
12
