5.60415e-12
4.13749e-11
2.81053e-10
1.75656e-09
1.01009e-08
5.34422e-08
2.60154e-07
1.1652e-06
4.80171e-06
1.8206e-05
6.3512e-05
0.000203855
0.000602021
0.00163578
0.00408943
0.00940641
0.0199072
0.0387631
0.0694466
0.114474
0.173616
0.242266
0.311044
0.367429
0.399347
0.399347
0.367429
0.311044
0.242266
0.173616
0.114474
0.0694466
0.0387631
0.0199072
0.00940641
0.00408943
0.00163578
0.000602021
0.000203855
6.3512e-05
1.8206e-05
4.80171e-06
1.1652e-06
2.60154e-07
5.34422e-08
1.01009e-08
1.75656e-09
2.81053e-10
4.13749e-11
5.60415e-12
