1.02865e-06
1.09477e-06
1.02108e-06
1.12539e-06
1.20752e-06
1.25234e-06
1.20779e-06
1.287e-06
1.12701e-06
9.50866e-07
7.96295e-07
7.03905e-07
4.35415e-07
2.01839e-07
-1.62476e-07
-4.62167e-07
-6.95201e-07
-1.07382e-06
-1.13877e-06
-1.18573e-06
-1.18229e-06
-9.38021e-07
-7.66877e-07
-3.9623e-07
2.16096e-09
4.9315e-07
9.82895e-07
1.53524e-06
2.107e-06
2.70084e-06
3.37523e-06
4.12195e-06
4.86989e-06
5.78305e-06
6.66309e-06
7.52654e-06
8.46473e-06
9.57574e-06
1.08203e-05
1.18521e-05
1.28555e-05
1.3995e-05
1.50402e-05
1.59632e-05
1.69024e-05
1.78482e-05
1.86604e-05
1.93003e-05
1.974e-05
2.02842e-05
2.05899e-05
2.08638e-05
2.09064e-05
2.11031e-05
2.12102e-05
2.10903e-05
2.12971e-05
2.10547e-05
2.09217e-05
2.076e-05
2.04865e-05
2.01708e-05
1.96055e-05
1.91423e-05
1.8257e-05
1.75451e-05
1.68472e-05
1.55304e-05
1.45021e-05
1.32852e-05
1.20462e-05
1.08851e-05
9.79053e-06
8.77635e-06
7.85157e-06
6.95902e-06
6.00633e-06
5.21733e-06
4.45938e-06
3.85314e-06
3.09665e-06
2.44379e-06
1.9382e-06
1.31415e-06
7.39383e-07
3.72675e-07
-3.99305e-08
-5.24567e-07
-7.75675e-07
-9.60077e-07
-1.11799e-06
-1.0595e-06
-1.11118e-06
-1.02387e-06
-9.14762e-07
-4.93543e-07
-2.08554e-07
4.73665e-08
3.81864e-07
8.33475e-07
