6.25
8.91302
16.9048
30.3349
49.8885
74.8178
98.1102
111.117
112.157
105.786
95.7419
85.1001
76.0001
67.0542
61.1482
59.4163
56.8848
50.4827
42.3106
35.6715
31.3081
29.0037
29.8351
34.2983
41.1302
47.9047
55.4248
68.5128
87.5489
108.429
123.807
125.18
111.404
91.2949
71.6072
51.876
34.4196
22.4504
16.6401
15.809
18.8516
26.1782
37.3291
50.4006
64.0478
77.2874
88.4397
94.7019
94.8722
89.8909
81.6535
77.7587
80.5683
82.0326
76.24
65.3573
53.4734
42.3354
33.8371
29.3503
29.2795
30.8241
31.2551
33.0435
40.1469
52.8467
69.7485
87.8065
103.582
115.385
121.884
117.693
98.7894
73.6473
51.8239
37.2533
28.7798
22.6212
18.24
18.2054
23.5393
34.4011
50.0302
66.1303
78.0195
84.0037
84.016
79.8234
77.821
79.9102
82.7078
85.1455
88.0101
88.9538
84.1249
72.1725
53.6693
35.7316
23.8847
16.7341
