8781.98
6641.81
5550.02
4866.34
4388.56
4031.1
3750.96
3523.93
3335.21
3175.21
3037.36
2917.05
2810.89
2716.33
2631.44
2554.7
2484.89
2421.04
2362.36
2308.19
2257.98
2211.28
2167.7
2126.9
2088.6
2052.56
2018.55
1986.39
1955.91
1926.98
1899.45
1873.23
1848.2
1824.28
1801.39
1779.44
1758.38
1738.15
1718.69
1699.95
1681.89
1664.46
1647.64
1631.37
1615.64
1600.42
1585.67
1571.37
1557.5
1544.04
1530.97
1518.27
1505.92
1493.9
1482.21
1470.82
1459.73
1448.91
1438.37
1428.09
1418.06
1408.27
1398.7
1389.36
1380.23
1371.31
1362.59
1354.06
1345.71
1337.54
1329.55
1321.72
1314.05
1306.55
1299.19
1291.98
1284.91
1277.98
1271.19
1264.52
1257.98
1251.57
1245.27
1239.1
1233.03
1227.08
1221.23
1215.48
1209.84
1204.3
1198.85
1193.5
1188.24
1183.07
1177.99
1172.99
1168.08
1163.24
1158.49
1153.82
1149.22
1144.69
1140.24
1135.86
1131.55
1127.3
1123.13
1119.02
1114.97
1110.98
1107.06
1103.2
1099.39
1095.64
1091.95
1088.32
1084.74
1081.21
1077.74
1074.31
1070.94
1067.62
1064.34
1061.12
1057.94
1054.8
1051.71
1048.67
1045.67
1042.71
1039.8
1036.93
1034.09
1031.3
1028.55
1025.84
1023.16
1020.53
1017.93
1015.36
1012.84
1010.34
1007.89
1005.46
1003.07
1000.72
998.397
996.107
993.849
991.622
989.427
987.262
985.127
983.022
980.946
978.899
976.881
974.891
972.928
970.993
969.086
967.204
965.349
963.521
961.717
959.94
958.187
956.459
954.755
953.076
951.42
949.788
948.179
946.593
945.029
943.488
941.97
940.473
938.998
937.544
936.111
934.699
933.308
931.938
930.587
929.257
927.946
926.655
925.383
924.131
922.897
921.682
920.486
919.308
918.148
917.006
915.881
914.775
913.685
912.613
911.559
910.521
909.499
908.494
907.506
906.534
905.578
904.638
903.713
902.805
901.911
901.033
900.171
899.323
898.49
897.672
896.869
896.08
895.305
894.545
893.799
893.066
892.348
891.643
890.952
890.275
889.611
888.96
888.322
887.697
887.086
886.487
885.9
885.327
884.766
884.217
883.681
883.156
882.644
882.144
881.656
881.18
880.715
880.262
879.82
879.39
878.971
878.564
878.168
877.782
877.408
877.045
876.692
876.351
876.02
875.699
875.389
875.09
874.801
874.522
874.253
873.995
873.746
873.508
873.279
873.061
872.852
872.653
872.463
872.283
872.113
871.952
871.8
871.658
871.525
871.401
871.286
871.18
871.084
870.996
870.917
870.847
870.786
870.733
870.689
870.654
870.627
870.609
870.599
870.597
870.604
870.619
870.642
870.674
870.713
870.761
870.816
870.88
870.951
871.031
871.118
871.213
871.315
871.426
871.544
871.669
871.802
871.943
872.091
872.246
872.409
872.579
872.756
872.941
873.132
873.331
873.537
873.75
873.97
874.197
874.431
874.672
874.92
875.174
875.436
875.704
875.979
876.26
876.548
876.843
877.144
877.452
877.767
878.087
878.414
878.748
879.088
879.434
879.787
880.146
880.511
880.882
881.259
881.643
882.032
882.428
882.83
883.237
883.651
884.07
884.496
884.927
885.364
885.807
886.256
886.711
887.171
887.637
888.108
888.586
889.069
889.557
890.051
890.551
891.056
891.566
892.082
892.604
893.131
893.663
894.2
894.743
895.291
895.845
896.403
896.967
897.536
898.111
898.69
899.275
899.864
900.459
901.059
901.663
902.273
902.888
903.508
904.132
904.762
905.397
906.036
906.68
907.329
907.983
908.642
909.305
909.973
910.646
911.323
912.006
912.692
913.384
914.08
914.781
915.486
916.196
916.91
917.629
918.353
919.08
919.813
920.55
921.291
922.036
922.786
923.541
924.299
925.062
925.83
926.601
927.377
928.157
928.942
929.73
930.523
931.32
932.121
932.927
933.736
934.55
935.367
936.189
937.015
937.845
938.678
939.516
940.358
941.204
942.054
942.908
943.766
944.627
945.493
946.362
947.236
948.113
948.994
949.879
950.768
951.66
952.556
953.457
954.36
955.268
956.179
957.094
958.013
958.935
959.861
960.791
961.724
962.661
963.602
964.546
965.494
966.445
967.4
968.359
969.321
970.286
971.255
972.228
973.204
974.183
975.166
976.152
977.142
978.135
979.132
980.132
981.135
982.142
983.152
984.166
985.183
986.203
987.226
988.253
989.283
990.316
991.352
992.392
993.435
994.481
995.531
996.583
997.639
998.698
999.76
1000.83
1001.89
1002.97
1004.04
1005.12
1006.2
1007.28
1008.37
1009.46
1010.55
1011.65
1012.75
1013.85
1014.96
1016.06
1017.18
1018.29
1019.41
1020.53
1021.65
1022.78
1023.91
1025.04
1026.17
1027.31
1028.45
1029.59
1030.74
1031.89
1033.04
1034.2
1035.36
1036.52
1037.68
1038.85
1040.01
1041.19
1042.36
1043.54
1044.72
1045.9
1047.09
1048.28
1049.47
1050.66
1051.86
1053.06
1054.26
1055.46
1056.67
1057.88
1059.09
1060.31
1061.52
1062.75
1063.97
1065.19
1066.42
1067.65
1068.89
1070.12
1071.36
1072.6
1073.85
1075.09
1076.34
1077.59
1078.85
1080.1
1081.36
1082.62
1083.88
1085.15
1086.42
1087.69
1088.96
1090.24
1091.52
1092.8
1094.08
1095.37
1096.66
1097.95
1099.24
1100.53
1101.83
1103.13
1104.43
1105.74
1107.05
1108.36
1109.67
1110.98
1112.3
1113.62
1114.94
1116.26
1117.59
1118.91
1120.24
1121.58
1122.91
1124.25
1125.59
1126.93
1128.27
1129.62
1130.96
1132.31
1133.67
1135.02
1136.38
1137.74
1139.1
1140.46
1141.83
1143.19
1144.56
1145.93
1147.31
1148.68
1150.06
1151.44
1152.82
1154.21
1155.6
1156.98
1158.38
1159.77
1161.16
1162.56
1163.96
1165.36
1166.76
1168.17
1169.57
1170.98
1172.39
1173.81
1175.22
1176.64
1178.06
1179.48
1180.9
1182.33
1183.75
1185.18
1186.61
1188.05
1189.48
1190.92
1192.36
1193.8
1195.24
1196.68
1198.13
1199.58
1201.03
1202.48
1203.93
1205.39
1206.85
1208.31
1209.77
1211.23
1212.7
1214.16
1215.63
1217.1
1218.57
1220.05
1221.52
1223
1224.48
1225.96
1227.45
1228.93
1230.42
1231.91
1233.4
1234.89
1236.38
1237.88
1239.37
1240.87
1242.37
1243.88
1245.38
1246.89
1248.39
1249.9
1251.41
1252.93
1254.44
1255.96
1257.47
1258.99
1260.51
1262.04
1263.56
1265.09
1266.62
1268.14
1269.68
1271.21
1272.74
1274.28
1275.82
1277.35
1278.9
1280.44
1281.98
1283.53
1285.07
1286.62
1288.17
1289.73
1291.28
1292.83
1294.39
1295.95
1297.51
1299.07
1300.63
1302.2
1303.76
1305.33
1306.9
1308.47
1310.04
1311.61
1313.19
1314.76
1316.34
1317.92
1319.5
1321.08
1322.67
1324.25
1325.84
1327.43
1329.02
1330.61
1332.2
1333.79
1335.39
1336.99
1338.59
1340.18
1341.79
1343.39
1344.99
1346.6
1348.2
1349.81
1351.42
1353.03
1354.65
1356.26
1357.87
1359.49
1361.11
1362.73
1364.35
1365.97
1367.59
1369.22
1370.84
1372.47
1374.1
1375.73
1377.36
1378.99
1380.63
1382.26
1383.9
1385.53
1387.17
1388.81
1390.46
1392.1
1393.74
1395.39
1397.03
1398.68
1400.33
1401.98
1403.63
1405.29
1406.94
1408.6
1410.25
1411.91
1413.57
1415.23
1416.89
1418.56
1420.22
1421.88
1423.55
1425.22
1426.89
1428.56
1430.23
1431.9
1433.58
1435.25
1436.93
1438.6
1440.28
1441.96
1443.64
1445.32
1447.01
1448.69
1450.38
1452.06
1453.75
1455.44
1457.13
1458.82
1460.51
1462.2
1463.9
1465.59
1467.29
1468.99
1470.69
1472.39
1474.09
1475.79
1477.49
1479.2
1480.9
1482.61
1484.31
1486.02
1487.73
1489.44
1491.15
1492.87
1494.58
1496.29
1498.01
1499.73
1501.45
1503.16
1504.88
1506.6
1508.33
1510.05
1511.77
1513.5
1515.22
1516.95
1518.68
1520.41
1522.14
1523.87
1525.6
1527.33
1529.07
1530.8
1532.54
1534.27
1536.01
1537.75
1539.49
1541.23
1542.97
1544.71
1546.46
1548.2
1549.95
1551.69
1553.44
1555.19
1556.94
1558.69
1560.44
1562.19
1563.94
1565.69
1567.45
1569.2
1570.96
1572.72
1574.48
1576.23
1577.99
1579.75
1581.52
1583.28
1585.04
1586.81
1588.57
1590.34
1592.1
1593.87
1595.64
1597.41
1599.18
1600.95
1602.72
1604.49
1606.27
1608.04
1609.81
1611.59
1613.37
1615.14
1616.92
1618.7
1620.48
1622.26
1624.04
1625.82
1627.61
1629.39
1631.18
1632.96
1634.75
1636.53
1638.32
1640.11
1641.9
1643.69
1645.48
1647.27
1649.06
1650.86
1652.65
1654.44
1656.24
1658.04
1659.83
1661.63
1663.43
1665.23
1667.03
1668.83
1670.63
1672.43
1674.23
1676.03
1677.84
1679.64
1681.45
1683.25
1685.06
1686.87
1688.67
1690.48
1692.29
1694.1
1695.91
1697.72
1699.54
1701.35
1703.16
1704.98
1706.79
1708.61
1710.42
1712.24
1714.06
1715.87
1717.69
1719.51
1721.33
1723.15
1724.97
1726.79
1728.62
1730.44
1732.26
1734.09
1735.91
1737.74
1739.56
1741.39
1743.22
1745.04
1746.87
1748.7
1750.53
1752.36
1754.19
1756.02
1757.85
1759.69
1761.52
1763.35
1765.19
1767.02
1768.86
1770.69
1772.53
1774.37
1776.2
1778.04
1779.88
1781.72
1783.56
1785.4
1787.24
1789.08
1790.92
1792.76
1794.61
1796.45
1798.29
1800.14
1801.98
1803.83
1805.67
1807.52
1809.37
1811.22
1813.06
1814.91
1816.76
1818.61
1820.46
1822.31
1824.16
1826.01
1827.86
1829.72
1831.57
1833.42
1835.28
1837.13
1838.98
1840.84
1842.69
1844.55
1846.41
1848.26
1850.12
1851.98
1853.84
1855.7
1857.55
1859.41
1861.27
1863.13
1865
1866.86
1868.72
1870.58
1872.44
1874.31
1876.17
1878.03
1879.9
1881.76
1883.63
1885.49
1887.36
1889.22
1891.09
1892.96
1894.82
1896.69
1898.56
1900.43
1902.3
1904.16
1906.03
1907.9
1909.77
1911.64
1913.52
1915.39
1917.26
1919.13
1921
1922.88
1924.75
1926.62
1928.5
1930.37
1932.25
1934.12
1935.99
1937.87
1939.75
1941.62
1943.5
1945.38
1947.25
1949.13
1951.01
1952.89
1954.76
1956.64
1958.52
1960.4
1962.28
1964.16
1966.04
1967.92
1969.8
1971.68
1973.56
1975.45
1977.33
1979.21
1981.09
1982.98
1984.86
1986.74
1988.63
1990.51
1992.39
1994.28
1996.16
1998.05
1999.93
2001.82
2003.7
2005.59
2007.48
2009.36
2011.25
2013.14
2015.02
2016.91
2018.8
2020.69
2022.57
2024.46
2026.35
2028.24
2030.13
2032.02
2033.91
2035.8
2037.69
2039.58
2041.47
2043.36
2045.25
2047.14
2049.03
2050.92
2052.81
2054.71
2056.6
2058.49
2060.38
2062.28
2064.17
2066.06
2067.95
2069.85
2071.74
2073.63
2075.53
2077.42
2079.32
2081.21
2083.1
2085
2086.89
2088.79
2090.68
2092.58
2094.48
2096.37
2098.27
2100.16
2102.06
2103.95
2105.85
2107.75
2109.64
2111.54
2113.44
2115.33
2117.23
2119.13
2121.03
2122.92
2124.82
2126.72
2128.62
2130.52
2132.41
2134.31
2136.21
2138.11
2140.01
2141.91
2143.8
2145.7
2147.6
2149.5
2151.4
2153.3
2155.2
2157.1
2159
2160.9
2162.8
2164.7
2166.6
2168.5
2170.4
2172.3
2174.2
2176.1
2178
2179.9
2181.8
2183.7
2185.6
2187.5
2189.4
2191.3
2193.2
2195.1
2197
2198.91
2200.81
2202.71
2204.61
2206.51
2208.41
2210.31
2212.21
2214.11
2216.02
2217.92
2219.82
2221.72
2223.62
2225.52
2227.43
2229.33
2231.23
2233.13
2235.03
2236.93
2238.83
2240.74
2242.64
2244.54
2246.44
2248.34
2250.24
2252.15
2254.05
2255.95
2257.85
2259.75
2261.65
2263.56
2265.46
2267.36
2269.26
2271.16
2273.06
2274.97
2276.87
2278.77
2280.67
2282.57
2284.47
2286.37
2288.28
2290.18
2292.08
2293.98
2295.88
2297.78
2299.68
2301.59
2303.49
2305.39
2307.29
2309.19
2311.09
2312.99
2314.89
2316.79
2318.69
2320.59
2322.49
2324.39
2326.3
2328.2
2330.1
2332
2333.9
2335.8
2337.7
2339.6
2341.5
2343.4
2345.3
2347.2
2349.1
2350.99
2352.89
2354.79
2356.69
2358.59
2360.49
2362.39
2364.29
2366.19
2368.09
2369.98
2371.88
2373.78
2375.68
2377.58
2379.48
2381.37
2383.27
2385.17
2387.07
2388.96
2390.86
2392.76
2394.66
2396.55
2398.45
2400.35
2402.24
2404.14
2406.04
2407.93
2409.83
2411.73
2413.62
2415.52
2417.41
2419.31
2421.2
2423.1
2424.99
2426.89
2428.78
2430.68
2432.57
2434.47
2436.36
2438.26
2440.15
2442.04
2443.94
2445.83
2447.72
2449.62
2451.51
2453.4
2455.29
2457.19
2459.08
2460.97
2462.86
2464.76
2466.65
2468.54
2470.43
2472.32
2474.21
2476.1
2477.99
2479.88
2481.77
2483.66
2485.55
2487.44
2489.33
2491.22
2493.11
2495
2496.89
2498.78
2500.66
2502.55
2504.44
2506.33
2508.22
2510.1
2511.99
2513.88
2515.76
2517.65
2519.54
2521.42
2523.31
2525.19
2527.08
2528.96
2530.85
2532.73
2534.62
2536.5
2538.39
2540.27
2542.15
2544.04
2545.92
2547.8
2549.69
2551.57
2553.45
2555.33
2557.22
2559.1
2560.98
2562.86
2564.74
2566.62
2568.5
2570.38
2572.26
2574.14
2576.02
2577.9
2579.78
2581.66
2583.53
2585.41
2587.29
2589.17
2591.05
2592.92
2594.8
2596.68
2598.55
2600.43
2602.3
2604.18
2606.05
2607.93
2609.8
2611.68
2613.55
2615.43
2617.3
2619.17
2621.05
2622.92
2624.79
2626.66
2628.54
2630.41
2632.28
2634.15
2636.02
2637.89
2639.76
2641.63
2643.5
2645.37
2647.24
2649.11
2650.98
2652.85
2654.71
2656.58
2658.45
2660.32
2662.18
2664.05
2665.92
2667.78
2669.65
2671.51
2673.38
2675.24
2677.11
2678.97
2680.83
2682.7
2684.56
2686.42
2688.28
2690.15
2692.01
2693.87
2695.73
2697.59
2699.45
2701.31
2703.17
2705.03
2706.89
2708.75
2710.61
2712.47
2714.32
2716.18
2718.04
2719.9
2721.75
2723.61
2725.46
2727.32
2729.17
2731.03
2732.88
2734.74
2736.59
2738.45
2740.3
2742.15
2744
2745.86
2747.71
2749.56
2751.41
2753.26
2755.11
2756.96
2758.81
2760.66
2762.51
2764.36
2766.2
2768.05
2769.9
2771.75
2773.59
2775.44
2777.29
2779.13
2780.98
2782.82
2784.67
2786.51
2788.35
2790.2
2792.04
2793.88
2795.73
2797.57
2799.41
2801.25
2803.09
2804.93
2806.77
2808.61
2810.45
2812.29
2814.13
2815.97
2817.8
2819.64
2821.48
2823.31
2825.15
2826.99
2828.82
2830.66
2832.49
2834.33
2836.16
2837.99
2839.83
2841.66
2843.49
2845.32
2847.15
2848.98
2850.81
2852.65
2854.47
2856.3
2858.13
2859.96
2861.79
2863.62
2865.45
2867.27
2869.1
2870.92
2872.75
2874.58
2876.4
2878.23
2880.05
2881.87
2883.7
2885.52
2887.34
2889.16
2890.98
2892.81
2894.63
2896.45
2898.27
2900.09
2901.9
2903.72
2905.54
2907.36
2909.18
2910.99
2912.81
2914.63
2916.44
2918.26
2920.07
2921.89
2923.7
2925.51
2927.33
2929.14
2930.95
2932.76
2934.57
2936.38
2938.19
2940
2941.81
2943.62
2945.43
2947.24
2949.05
2950.85
2952.66
2954.47
2956.27
2958.08
2959.88
2961.69
2963.49
2965.29
2967.1
2968.9
2970.7
2972.5
2974.31
2976.11
2977.91
2979.71
2981.51
2983.31
2985.1
2986.9
2988.7
2990.5
2992.29
2994.09
2995.89
2997.68
2999.48
3001.27
3003.06
3004.86
3006.65
3008.44
3010.23
3012.03
3013.82
3015.61
3017.4
3019.19
3020.98
3022.76
3024.55
3026.34
3028.13
3029.91
3031.7
3033.49
3035.27
3037.06
3038.84
3040.63
3042.41
3044.19
3045.97
3047.76
3049.54
3051.32
3053.1
3054.88
3056.66
3058.44
3060.22
3061.99
3063.77
3065.55
3067.32
3069.1
3070.88
3072.65
3074.43
3076.2
3077.97
3079.75
3081.52
3083.29
3085.06
3086.83
3088.6
3090.37
3092.14
3093.91
3095.68
3097.45
3099.22
3100.98
3102.75
3104.52
3106.28
3108.05
3109.81
3111.57
3113.34
3115.1
3116.86
3118.63
3120.39
3122.15
3123.91
3125.67
3127.43
3129.19
3130.94
3132.7
3134.46
3136.22
3137.97
3139.73
3141.48
3143.24
3144.99
3146.75
3148.5
3150.25
3152
3153.75
3155.51
3157.26
3159.01
3160.76
3162.5
3164.25
3166
3167.75
3169.49
3171.24
3172.99
3174.73
3176.48
3178.22
3179.96
3181.71
3183.45
3185.19
3186.93
3188.67
3190.41
3192.15
3193.89
3195.63
3197.37
3199.11
3200.85
3202.58
3204.32
3206.05
3207.79
3209.52
3211.26
3212.99
3214.72
3216.46
3218.19
3219.92
3221.65
3223.38
3225.11
3226.84
3228.57
3230.29
3232.02
3233.75
3235.47
3237.2
3238.93
3240.65
3242.37
3244.1
3245.82
3247.54
3249.26
3250.99
3252.71
3254.43
3256.15
3257.87
3259.58
3261.3
3263.02
3264.74
3266.45
3268.17
3269.88
3271.6
3273.31
3275.03
3276.74
3278.45
3280.16
3281.87
3283.58
3285.29
3287
3288.71
3290.42
3292.13
3293.84
3295.54
3297.25
3298.96
3300.66
3302.36
3304.07
3305.77
3307.47
3309.18
3310.88
3312.58
3314.28
3315.98
3317.68
3319.38
3321.08
3322.77
3324.47
3326.17
3327.86
3329.56
3331.25
3332.95
3334.64
3336.33
3338.03
3339.72
3341.41
3343.1
3344.79
3346.48
3348.17
3349.86
3351.54
3353.23
3354.92
3356.6
3358.29
3359.98
3361.66
3363.34
3365.03
3366.71
3368.39
3370.07
3371.75
3373.43
3375.11
3376.79
3378.47
3380.15
3381.83
3383.5
3385.18
3386.85
3388.53
3390.2
3391.88
3393.55
3395.22
3396.89
3398.57
3400.24
3401.91
3403.58
3405.25
3406.91
3408.58
3410.25
3411.92
3413.58
3415.25
3416.91
3418.58
3420.24
3421.9
3423.57
3425.23
3426.89
3428.55
3430.21
3431.87
3433.53
3435.19
3436.84
3438.5
3440.16
3441.81
3443.47
3445.12
3446.78
3448.43
3450.08
3451.74
3453.39
3455.04
3456.69
3458.34
3459.99
3461.64
3463.29
3464.93
3466.58
3468.23
3469.87
3471.52
3473.16
3474.81
3476.45
3478.09
3479.73
3481.37
3483.02
3484.66
3486.29
3487.93
3489.57
3491.21
3492.85
3494.48
3496.12
3497.75
3499.39
3501.02
3502.66
3504.29
3505.92
3507.55
3509.18
3510.82
3512.44
3514.07
3515.7
3517.33
3518.96
3520.58
3522.21
3523.84
3525.46
3527.09
3528.71
3530.33
3531.95
3533.58
3535.2
3536.82
3538.44
3540.06
3541.68
3543.29
3544.91
3546.53
3548.14
3549.76
3551.37
3552.99
3554.6
3556.22
3557.83
3559.44
3561.05
3562.66
3564.27
3565.88
3567.49
3569.1
3570.71
3572.31
3573.92
3575.53
3577.13
3578.73
3580.34
3581.94
3583.54
3585.15
3586.75
3588.35
3589.95
3591.55
3593.15
3594.74
3596.34
3597.94
3599.53
3601.13
3602.73
3604.32
3605.91
3607.51
3609.1
3610.69
3612.28
3613.87
3615.46
3617.05
3618.64
3620.23
3621.82
3623.4
3624.99
3626.57
3628.16
3629.74
3631.33
3632.91
3634.49
3636.08
3637.66
3639.24
3640.82
3642.4
3643.97
3645.55
3647.13
3648.71
3650.28
3651.86
3653.43
3655.01
3656.58
3658.15
3659.73
3661.3
3662.87
3664.44
3666.01
3667.58
3669.15
3670.71
3672.28
3673.85
3675.41
3676.98
3678.54
3680.11
3681.67
3683.23
3684.8
3686.36
3687.92
3689.48
3691.04
3692.6
3694.15
3695.71
3697.27
3698.83
3700.38
3701.94
3703.49
3705.04
3706.6
3708.15
3709.7
3711.25
3712.8
3714.35
3715.9
3717.45
3719
3720.55
3722.09
3723.64
3725.18
3726.73
3728.27
3729.82
3731.36
3732.9
3734.44
3735.98
3737.52
3739.06
3740.6
3742.14
3743.68
3745.22
3746.75
3748.29
3749.82
3751.36
3752.89
3754.43
3755.96
3757.49
3759.02
3760.55
3762.08
3763.61
3765.14
3766.67
3768.2
3769.72
3771.25
3772.77
3774.3
3775.82
3777.35
3778.87
3780.39
3781.91
3783.43
3784.95
3786.47
3787.99
3789.51
3791.03
3792.55
3794.06
3795.58
3797.09
3798.61
3800.12
3801.63
3803.15
3804.66
3806.17
3807.68
3809.19
3810.7
3812.21
3813.72
3815.22
3816.73
3818.24
3819.74
3821.25
3822.75
3824.25
3825.76
3827.26
3828.76
3830.26
3831.76
3833.26
3834.76
3836.26
3837.75
3839.25
3840.75
3842.24
3843.74
3845.23
3846.73
3848.22
3849.71
3851.2
3852.69
3854.18
3855.67
3857.16
3858.65
3860.14
3861.63
3863.11
3864.6
3866.08
3867.57
3869.05
3870.54
3872.02
3873.5
3874.98
3876.46
3877.94
3879.42
3880.9
3882.38
3883.85
3885.33
3886.81
3888.28
3889.76
3891.23
3892.7
3894.18
3895.65
3897.12
3898.59
3900.06
3901.53
3903
3904.47
3905.94
3907.4
3908.87
3910.33
3911.8
3913.26
3914.73
3916.19
3917.65
3919.11
3920.58
3922.04
3923.5
3924.95
3926.41
3927.87
3929.33
3930.78
3932.24
3933.69
3935.15
3936.6
3938.06
3939.51
3940.96
3942.41
3943.86
3945.31
3946.76
3948.21
3949.66
3951.1
3952.55
3954
3955.44
3956.89
3958.33
3959.77
3961.22
3962.66
3964.1
3965.54
3966.98
3968.42
3969.86
3971.3
3972.73
3974.17
3975.61
3977.04
3978.48
3979.91
3981.34
3982.78
3984.21
3985.64
3987.07
3988.5
3989.93
3991.36
3992.79
3994.22
3995.64
3997.07
3998.49
3999.92
4001.34
4002.77
4004.19
4005.61
4007.03
4008.46
4009.88
4011.3
4012.71
4014.13
4015.55
4016.97
4018.38
4019.8
4021.21
4022.63
4024.04
4025.46
4026.87
4028.28
4029.69
4031.1
4032.51
4033.92
4035.33
4036.74
4038.14
4039.55
4040.96
4042.36
4043.77
4045.17
4046.57
4047.98
4049.38
4050.78
4052.18
4053.58
4054.98
4056.38
4057.78
4059.17
4060.57
4061.97
4063.36
4064.76
4066.15
4067.54
4068.94
4070.33
4071.72
4073.11
4074.5
4075.89
4077.28
4078.67
4080.06
4081.44
4082.83
4084.21
4085.6
4086.98
4088.37
4089.75
4091.13
4092.51
4093.9
4095.28
4096.66
4098.03
4099.41
4100.79
4102.17
4103.54
4104.92
4106.29
4107.67
4109.04
4110.42
4111.79
4113.16
4114.53
4115.9
4117.27
4118.64
4120.01
4121.38
4122.74
4124.11
4125.48
4126.84
4128.21
4129.57
4130.93
4132.3
4133.66
4135.02
4136.38
4137.74
4139.1
4140.46
4141.82
4143.17
4144.53
4145.89
4147.24
4148.6
4149.95
4151.31
4152.66
4154.01
4155.36
4156.71
4158.06
4159.41
4160.76
4162.11
4163.46
4164.8
4166.15
4167.5
4168.84
4170.19
4171.53
4172.87
4174.21
4175.56
4176.9
4178.24
4179.58
4180.92
4182.26
4183.59
4184.93
4186.27
4187.6
4188.94
4190.27
4191.61
4192.94
4194.27
4195.6
4196.94
4198.27
4199.6
4200.93
4202.25
4203.58
4204.91
4206.24
4207.56
4208.89
4210.21
4211.54
4212.86
4214.18
4215.51
4216.83
4218.15
4219.47
4220.79
4222.11
4223.43
4224.74
4226.06
4227.38
4228.69
4230.01
4231.32
4232.64
4233.95
4235.26
4236.57
4237.88
4239.19
4240.5
4241.81
4243.12
4244.43
4245.74
4247.04
4248.35
4249.66
4250.96
4252.26
4253.57
4254.87
4256.17
4257.47
4258.77
4260.08
4261.37
4262.67
4263.97
4265.27
4266.57
4267.86
4269.16
4270.45
4271.75
4273.04
4274.33
4275.63
4276.92
4278.21
4279.5
4280.79
4282.08
4283.37
4284.66
4285.94
4287.23
4288.51
4289.8
4291.08
4292.37
4293.65
4294.93
4296.22
4297.5
4298.78
4300.06
4301.34
4302.62
4303.9
4305.17
4306.45
4307.73
4309
4310.28
4311.55
4312.83
4314.1
4315.37
4316.64
4317.91
4319.18
4320.45
4321.72
4322.99
4324.26
4325.53
4326.79
4328.06
4329.32
4330.59
4331.85
4333.12
4334.38
4335.64
4336.9
4338.16
4339.42
4340.68
4341.94
4343.2
4344.46
4345.72
4346.97
4348.23
4349.48
4350.74
4351.99
4353.24
4354.5
4355.75
4357
4358.25
4359.5
4360.75
4362
4363.25
4364.49
4365.74
4366.99
4368.23
4369.48
4370.72
4371.97
4373.21
4374.45
4375.69
4376.93
4378.17
4379.41
4380.65
4381.89
4383.13
4384.37
4385.6
4386.84
4388.07
4389.31
4390.54
4391.78
4393.01
4394.24
4395.47
4396.7
4397.93
4399.16
4400.39
4401.62
4402.85
4404.08
4405.3
4406.53
4407.75
4408.98
4410.2
4411.43
4412.65
4413.87
4415.09
4416.31
4417.53
4418.75
4419.97
4421.19
4422.41
4423.62
4424.84
4426.06
4427.27
4428.48
4429.7
4430.91
4432.12
4433.34
4434.55
4435.76
4436.97
4438.18
4439.39
4440.59
4441.8
4443.01
4444.21
4445.42
4446.63
4447.83
4449.03
4450.24
4451.44
4452.64
4453.84
4455.04
4456.24
4457.44
4458.64
4459.84
4461.04
4462.23
4463.43
4464.62
4465.82
4467.01
4468.21
4469.4
4470.59
4471.78
4472.98
4474.17
4475.36
4476.55
4477.73
4478.92
4480.11
4481.3
4482.48
4483.67
4484.85
4486.04
4487.22
4488.4
4489.59
4490.77
4491.95
4493.13
4494.31
4495.49
4496.67
4497.85
4499.02
4500.2
4501.38
4502.55
4503.73
4504.9
4506.07
4507.25
4508.42
4509.59
4510.76
4511.93
4513.1
4514.27
4515.44
4516.61
4517.78
4518.94
4520.11
4521.28
4522.44
4523.61
4524.77
4525.93
4527.1
4528.26
4529.42
4530.58
4531.74
4532.9
4534.06
4535.22
4536.37
4537.53
4538.69
4539.84
4541
4542.15
4543.31
4544.46
4545.61
4546.76
4547.92
4549.07
4550.22
4551.37
4552.51
4553.66
4554.81
4555.96
4557.1
4558.25
4559.4
4560.54
4561.68
4562.83
4563.97
4565.11
4566.25
4567.4
4568.54
4569.68
4570.81
4571.95
4573.09
4574.23
4575.37
4576.5
4577.64
4578.77
4579.91
4581.04
4582.17
4583.31
4584.44
4585.57
4586.7
4587.83
4588.96
4590.09
4591.22
4592.34
4593.47
4594.6
4595.72
4596.85
4597.97
4599.1
4600.22
4601.34
4602.46
4603.58
4604.71
4605.83
4606.95
4608.06
4609.18
4610.3
4611.42
4612.53
4613.65
4614.77
4615.88
4617
4618.11
4619.22
4620.33
4621.45
4622.56
4623.67
4624.78
4625.89
4627
4628.1
4629.21
4630.32
4631.42
4632.53
4633.64
4634.74
4635.84
4636.95
4638.05
4639.15
4640.25
4641.36
4642.46
4643.56
4644.65
4645.75
4646.85
4647.95
4649.04
4650.14
4651.24
4652.33
4653.43
4654.52
4655.61
4656.71
4657.8
4658.89
4659.98
4661.07
4662.16
4663.25
4664.34
4665.42
4666.51
4667.6
4668.68
4669.77
4670.85
4671.94
4673.02
4674.11
4675.19
4676.27
4677.35
4678.43
4679.51
4680.59
4681.67
4682.75
4683.83
4684.9
4685.98
4687.05
4688.13
4689.2
4690.28
4691.35
4692.43
4693.5
4694.57
4695.64
4696.71
4697.78
4698.85
4699.92
4700.99
4702.06
4703.12
4704.19
4705.25
4706.32
4707.38
4708.45
4709.51
4710.57
4711.64
4712.7
4713.76
4714.82
4715.88
4716.94
4718
4719.06
4720.11
4721.17
4722.23
4723.28
4724.34
4725.39
4726.45
4727.5
4728.55
4729.61
4730.66
4731.71
4732.76
4733.81
4734.86
4735.91
4736.96
4738
4739.05
4740.1
4741.14
4742.19
4743.23
4744.28
4745.32
4746.36
4747.41
4748.45
4749.49
4750.53
4751.57
4752.61
4753.65
4754.69
4755.73
4756.76
4757.8
4758.84
4759.87
4760.91
4761.94
4762.97
4764.01
4765.04
4766.07
4767.1
4768.13
4769.16
4770.19
4771.22
4772.25
4773.28
4774.31
4775.33
4776.36
4777.38
4778.41
4779.43
4780.46
4781.48
4782.5
4783.53
4784.55
4785.57
4786.59
4787.61
4788.63
4789.65
4790.67
4791.68
4792.7
4793.72
4794.73
4795.75
4796.76
4797.78
4798.79
4799.8
4800.82
4801.83
4802.84
4803.85
4804.86
4805.87
4806.88
4807.89
4808.9
4809.9
4810.91
4811.92
4812.92
4813.93
4814.93
4815.94
4816.94
4817.94
4818.94
4819.95
4820.95
4821.95
4822.95
4823.95
4824.95
4825.94
4826.94
4827.94
4828.93
4829.93
4830.93
4831.92
4832.92
4833.91
4834.9
4835.9
4836.89
4837.88
4838.87
4839.86
4840.85
4841.84
4842.83
4843.82
4844.8
4845.79
4846.78
4847.76
4848.75
4849.73
4850.72
4851.7
4852.68
4853.67
4854.65
4855.63
4856.61
4857.59
4858.57
4859.55
4860.53
4861.51
4862.48
4863.46
4864.44
4865.41
4866.39
4867.36
4868.34
4869.31
4870.28
4871.26
4872.23
4873.2
4874.17
4875.14
4876.11
4877.08
4878.05
4879.02
4879.98
4880.95
4881.92
4882.88
4883.85
4884.81
4885.78
4886.74
4887.7
4888.67
4889.63
4890.59
4891.55
4892.51
4893.47
4894.43
4895.39
4896.35
4897.3
4898.26
4899.22
4900.17
4901.13
4902.08
4903.04
4903.99
4904.95
4905.9
4906.85
4907.8
4908.75
4909.7
4910.65
4911.6
4912.55
4913.5
4914.45
4915.39
4916.34
4917.29
4918.23
4919.18
4920.12
4921.07
4922.01
4922.95
4923.89
4924.84
4925.78
4926.72
4927.66
4928.6
4929.54
4930.48
4931.41
4932.35
4933.29
4934.22
4935.16
4936.09
4937.03
4937.96
4938.9
4939.83
4940.76
4941.69
4942.63
4943.56
4944.49
4945.42
4946.35
4947.28
4948.2
4949.13
4950.06
4950.99
4951.91
4952.84
4953.76
4954.69
4955.61
4956.53
4957.46
4958.38
4959.3
4960.22
4961.14
4962.06
4962.98
4963.9
4964.82
4965.74
4966.66
4967.57
4968.49
4969.41
4970.32
4971.24
4972.15
4973.06
4973.98
4974.89
4975.8
4976.71
4977.62
4978.54
4979.45
4980.35
4981.26
4982.17
4983.08
4983.99
4984.89
4985.8
4986.71
4987.61
4988.52
4989.42
4990.32
4991.23
4992.13
4993.03
4993.93
4994.84
4995.74
4996.64
4997.54
4998.43
4999.33
5000.23
5001.13
5002.03
5002.92
5003.82
5004.71
5005.61
5006.5
5007.4
5008.29
5009.18
5010.07
5010.97
5011.86
5012.75
5013.64
5014.53
5015.42
5016.3
5017.19
5018.08
5018.97
5019.85
5020.74
5021.62
5022.51
5023.39
5024.28
5025.16
5026.04
5026.93
5027.81
5028.69
5029.57
5030.45
5031.33
5032.21
5033.09
5033.97
5034.84
5035.72
5036.6
5037.47
5038.35
5039.22
5040.1
5040.97
5041.85
5042.72
5043.59
5044.46
5045.34
5046.21
5047.08
5047.95
5048.82
5049.69
5050.55
5051.42
5052.29
5053.16
5054.02
5054.89
5055.75
5056.62
5057.48
5058.35
5059.21
5060.07
5060.93
5061.8
5062.66
5063.52
5064.38
5065.24
5066.1
5066.96
5067.81
5068.67
5069.53
5070.39
5071.24
5072.1
5072.95
5073.81
5074.66
5075.52
5076.37
5077.22
5078.07
5078.92
5079.78
5080.63
5081.48
5082.33
5083.18
5084.02
5084.87
5085.72
5086.57
5087.41
5088.26
5089.11
5089.95
5090.79
5091.64
5092.48
5093.33
5094.17
5095.01
5095.85
5096.69
5097.53
5098.37
5099.21
5100.05
5100.89
5101.73
5102.57
5103.4
5104.24
5105.08
5105.91
5106.75
5107.58
5108.42
5109.25
5110.08
5110.92
5111.75
5112.58
5113.41
5114.24
5115.07
5115.9
5116.73
5117.56
5118.39
5119.21
5120.04
5120.87
5121.69
5122.52
5123.35
5124.17
5124.99
5125.82
5126.64
5127.46
5128.29
5129.11
5129.93
5130.75
5131.57
5132.39
5133.21
5134.03
5134.85
5135.66
5136.48
5137.3
5138.11
5138.93
5139.75
5140.56
5141.38
5142.19
5143
5143.82
5144.63
5145.44
5146.25
5147.06
5147.87
5148.68
5149.49
5150.3
5151.11
5151.92
5152.73
5153.53
5154.34
5155.15
5155.95
5156.76
5157.56
5158.37
5159.17
5159.97
5160.78
5161.58
5162.38
5163.18
5163.98
5164.78
5165.58
5166.38
5167.18
5167.98
5168.78
5169.58
5170.37
5171.17
5171.97
5172.76
5173.56
5174.35
5175.14
5175.94
5176.73
5177.52
5178.32
5179.11
5179.9
5180.69
5181.48
5182.27
5183.06
5183.85
5184.64
5185.43
5186.21
5187
5187.79
5188.57
5189.36
5190.14
5190.93
5191.71
5192.5
5193.28
5194.06
5194.84
5195.63
5196.41
5197.19
5197.97
5198.75
5199.53
5200.31
5201.09
5201.86
5202.64
5203.42
5204.19
5204.97
5205.75
5206.52
5207.3
5208.07
5208.84
5209.62
5210.39
5211.16
5211.94
5212.71
5213.48
5214.25
5215.02
5215.79
5216.56
5217.33
5218.09
5218.86
5219.63
5220.4
5221.16
5221.93
5222.69
5223.46
5224.22
5224.99
5225.75
5226.51
5227.28
5228.04
5228.8
5229.56
5230.32
5231.08
5231.84
5232.6
5233.36
5234.12
5234.88
5235.64
5236.39
5237.15
5237.91
5238.66
5239.42
5240.17
5240.93
5241.68
5242.43
5243.19
5243.94
5244.69
5245.44
5246.19
5246.94
5247.69
5248.44
5249.19
5249.94
5250.69
5251.44
5252.19
5252.93
5253.68
5254.43
5255.17
5255.92
5256.66
5257.41
5258.15
5258.89
5259.64
5260.38
5261.12
5261.86
5262.6
5263.35
5264.09
5264.83
5265.56
5266.3
5267.04
5267.78
5268.52
5269.25
5269.99
5270.73
5271.46
5272.2
5272.93
5273.67
5274.4
5275.14
5275.87
5276.6
5277.33
5278.06
5278.8
5279.53
5280.26
5280.99
5281.72
5282.45
5283.17
5283.9
5284.63
5285.36
5286.08
5286.81
5287.54
5288.26
5288.99
5289.71
5290.44
5291.16
5291.88
5292.61
5293.33
5294.05
5294.77
5295.49
5296.21
5296.93
5297.65
5298.37
5299.09
5299.81
5300.53
5301.25
5301.96
5302.68
5303.4
5304.11
5304.83
5305.54
5306.26
5306.97
5307.68
5308.4
5309.11
5309.82
5310.53
5311.24
5311.96
5312.67
5313.38
5314.09
5314.8
5315.5
5316.21
5316.92
5317.63
5318.33
5319.04
5319.75
5320.45
5321.16
5321.86
5322.57
5323.27
5323.98
5324.68
5325.38
5326.08
5326.79
5327.49
5328.19
5328.89
5329.59
5330.29
5330.99
5331.69
5332.38
5333.08
5333.78
5334.48
5335.17
5335.87
5336.57
5337.26
5337.96
5338.65
5339.34
5340.04
5340.73
5341.42
5342.12
5342.81
5343.5
5344.19
5344.88
5345.57
5346.26
5346.95
5347.64
5348.33
5349.02
5349.7
5350.39
5351.08
5351.77
5352.45
5353.14
5353.82
5354.51
5355.19
5355.87
5356.56
5357.24
5357.92
5358.61
5359.29
5359.97
5360.65
5361.33
5362.01
5362.69
5363.37
5364.05
5364.73
5365.4
5366.08
5366.76
5367.44
5368.11
5368.79
5369.46
5370.14
5370.81
5371.49
5372.16
5372.83
5373.51
5374.18
5374.85
5375.52
5376.2
5376.87
5377.54
5378.21
5378.88
5379.55
5380.21
5380.88
5381.55
5382.22
5382.89
5383.55
5384.22
5384.88
5385.55
5386.21
5386.88
5387.54
5388.21
5388.87
5389.53
5390.2
5390.86
5391.52
5392.18
5392.84
5393.5
5394.16
5394.82
5395.48
5396.14
5396.8
5397.46
5398.12
5398.77
5399.43
5400.09
5400.74
5401.4
5402.05
5402.71
5403.36
5404.02
5404.67
5405.32
5405.98
5406.63
5407.28
5407.93
5408.58
5409.23
5409.88
5410.53
5411.18
5411.83
5412.48
5413.13
5413.78
5414.43
5415.07
5415.72
5416.37
5417.01
5417.66
5418.3
5418.95
5419.59
5420.23
5420.88
5421.52
5422.16
5422.81
5423.45
5424.09
5424.73
5425.37
5426.01
5426.65
5427.29
5427.93
5428.57
5429.21
5429.85
5430.48
5431.12
5431.76
5432.39
5433.03
5433.66
5434.3
5434.93
5435.57
5436.2
5436.84
5437.47
5438.1
5438.73
5439.37
5440
5440.63
5441.26
5441.89
5442.52
5443.15
5443.78
5444.41
5445.04
5445.66
5446.29
5446.92
5447.54
5448.17
5448.8
5449.42
5450.05
5450.67
5451.3
5451.92
5452.55
5453.17
5453.79
5454.41
5455.04
5455.66
5456.28
5456.9
5457.52
5458.14
5458.76
5459.38
5460
5460.62
5461.24
5461.85
5462.47
5463.09
5463.7
5464.32
5464.94
5465.55
5466.17
5466.78
5467.4
5468.01
5468.62
5469.24
5469.85
5470.46
5471.07
5471.69
5472.3
5472.91
5473.52
5474.13
5474.74
5475.35
5475.96
5476.57
5477.17
5477.78
5478.39
5479
5479.6
5480.21
5480.82
5481.42
5482.03
5482.63
5483.24
5483.84
5484.44
5485.05
5485.65
5486.25
5486.85
5487.46
5488.06
5488.66
5489.26
5489.86
5490.46
5491.06
5491.66
5492.26
5492.85
5493.45
5494.05
5494.65
5495.24
5495.84
5496.44
5497.03
5497.63
5498.22
5498.82
5499.41
5500
5500.6
5501.19
5501.78
5502.38
5502.97
5503.56
5504.15
5504.74
5505.33
5505.92
5506.51
5507.1
5507.69
5508.28
5508.87
5509.46
5510.04
5510.63
5511.22
5511.8
5512.39
5512.97
5513.56
5514.14
5514.73
5515.31
5515.9
5516.48
5517.06
5517.65
5518.23
5518.81
5519.39
5519.97
5520.55
5521.13
5521.71
5522.29
5522.87
5523.45
5524.03
5524.61
5525.19
5525.77
5526.34
5526.92
5527.5
5528.07
5528.65
5529.22
5529.8
5530.37
5530.95
5531.52
5532.09
5532.67
5533.24
5533.81
5534.38
5534.96
5535.53
5536.1
5536.67
5537.24
5537.81
5538.38
5538.95
5539.52
5540.09
5540.65
5541.22
5541.79
5542.36
5542.92
5543.49
5544.05
5544.62
5545.19
5545.75
5546.31
5546.88
5547.44
5548.01
5548.57
5549.13
5549.69
5550.26
5550.82
5551.38
5551.94
5552.5
5553.06
5553.62
5554.18
5554.74
5555.3
5555.86
5556.41
5556.97
5557.53
5558.09
5558.64
5559.2
5559.76
5560.31
5560.87
5561.42
5561.98
5562.53
5563.08
5563.64
5564.19
5564.74
5565.3
5565.85
5566.4
5566.95
5567.5
5568.05
5568.6
5569.15
5569.7
5570.25
5570.8
5571.35
5571.9
5572.45
5572.99
5573.54
5574.09
5574.63
5575.18
5575.73
5576.27
5576.82
5577.36
5577.91
5578.45
5578.99
5579.54
5580.08
5580.62
5581.17
5581.71
5582.25
5582.79
5583.33
5583.87
5584.41
5584.95
5585.49
5586.03
5586.57
5587.11
5587.65
5588.18
5588.72
5589.26
5589.8
5590.33
5590.87
5591.4
5591.94
5592.47
5593.01
5593.54
5594.08
5594.61
5595.14
5595.68
5596.21
5596.74
5597.28
5597.81
5598.34
5598.87
5599.4
5599.93
5600.46
5600.99
5601.52
5602.05
5602.58
5603.11
5603.63
5604.16
5604.69
5605.22
5605.74
5606.27
5606.79
5607.32
5607.84
5608.37
5608.89
5609.42
5609.94
5610.47
5610.99
5611.51
5612.04
5612.56
5613.08
5613.6
5614.12
5614.64
5615.16
5615.68
5616.2
5616.72
5617.24
5617.76
5618.28
5618.8
5619.32
5619.83
5620.35
5620.87
5621.38
5621.9
5622.42
5622.93
5623.45
5623.96
5624.48
5624.99
5625.51
5626.02
5626.53
5627.05
5627.56
5628.07
5628.58
5629.09
5629.61
5630.12
5630.63
5631.14
5631.65
5632.16
5632.67
5633.18
5633.68
5634.19
5634.7
5635.21
5635.72
5636.22
5636.73
5637.24
5637.74
5638.25
5638.75
5639.26
5639.76
5640.27
5640.77
5641.28
5641.78
5642.28
5642.79
5643.29
5643.79
5644.29
5644.79
5645.3
5645.8
5646.3
5646.8
5647.3
5647.8
5648.3
5648.8
5649.29
5649.79
5650.29
5650.79
5651.29
5651.78
5652.28
5652.78
5653.27
5653.77
5654.26
5654.76
5655.25
5655.75
5656.24
5656.74
5657.23
5657.72
5658.22
5658.71
5659.2
5659.69
5660.18
5660.68
5661.17
5661.66
5662.15
5662.64
5663.13
5663.62
5664.11
5664.6
5665.08
5665.57
5666.06
5666.55
5667.03
5667.52
5668.01
5668.49
5668.98
5669.47
5669.95
5670.44
5670.92
5671.41
5671.89
5672.37
5672.86
5673.34
5673.82
5674.31
5674.79
5675.27
5675.75
5676.23
5676.71
5677.19
5677.67
5678.16
5678.63
5679.11
5679.59
5680.07
5680.55
5681.03
5681.51
5681.98
5682.46
5682.94
5683.42
5683.89
5684.37
5684.84
5685.32
5685.79
5686.27
5686.74
5687.22
5687.69
5688.17
5688.64
5689.11
5689.58
5690.06
5690.53
5691
5691.47
5691.94
5692.41
5692.88
5693.35
5693.82
5694.29
5694.76
5695.23
5695.7
5696.17
5696.64
5697.11
5697.57
5698.04
5698.51
5698.97
5699.44
5699.91
5700.37
5700.84
5701.3
5701.77
5702.23
5702.7
5703.16
5703.62
5704.09
5704.55
5705.01
5705.48
5705.94
5706.4
5706.86
5707.32
5707.78
5708.24
5708.7
5709.16
5709.62
5710.08
5710.54
5711
5711.46
5711.92
5712.38
5712.83
5713.29
5713.75
5714.2
5714.66
5715.12
5715.57
5716.03
5716.48
5716.94
5717.39
5717.85
5718.3
5718.76
5719.21
5719.66
5720.12
5720.57
5721.02
5721.47
5721.92
5722.38
5722.83
5723.28
5723.73
5724.18
5724.63
5725.08
5725.53
5725.98
5726.43
5726.87
5727.32
5727.77
5728.22
5728.67
5729.11
5729.56
5730.01
5730.45
5730.9
5731.34
5731.79
5732.23
5732.68
5733.12
5733.57
5734.01
5734.45
5734.9
5735.34
5735.78
5736.23
5736.67
5737.11
5737.55
5737.99
5738.43
5738.87
5739.31
5739.76
5740.19
5740.63
5741.07
5741.51
5741.95
5742.39
5742.83
5743.27
5743.7
5744.14
5744.58
5745.01
5745.45
5745.89
5746.32
5746.76
5747.19
5747.63
5748.06
5748.5
5748.93
5749.37
5749.8
5750.23
5750.67
5751.1
5751.53
5751.96
5752.4
5752.83
5753.26
5753.69
5754.12
5754.55
5754.98
5755.41
5755.84
5756.27
5756.7
5757.13
5757.56
5757.98
5758.41
5758.84
5759.27
5759.7
5760.12
5760.55
5760.98
5761.4
5761.83
5762.25
5762.68
5763.1
5763.53
5763.95
5764.38
5764.8
5765.22
5765.65
5766.07
5766.49
5766.91
5767.34
5767.76
5768.18
5768.6
5769.02
5769.44
5769.86
5770.28
5770.7
5771.12
5771.54
5771.96
5772.38
5772.8
5773.22
5773.64
5774.05
5774.47
5774.89
5775.31
5775.72
5776.14
5776.56
5776.97
5777.39
5777.8
5778.22
5778.63
5779.05
5779.46
5779.87
5780.29
5780.7
5781.11
5781.53
5781.94
5782.35
5782.76
5783.18
5783.59
5784
5784.41
5784.82
5785.23
5785.64
5786.05
5786.46
5786.87
5787.28
5787.69
5788.1
5788.51
5788.91
5789.32
5789.73
5790.14
5790.54
5790.95
5791.36
5791.76
5792.17
5792.57
5792.98
5793.39
5793.79
5794.19
5794.6
5795
5795.41
5795.81
5796.21
5796.62
5797.02
5797.42
5797.82
5798.23
5798.63
5799.03
5799.43
5799.83
5800.23
5800.63
5801.03
5801.43
5801.83
5802.23
5802.63
5803.03
5803.43
5803.83
5804.22
5804.62
5805.02
5805.42
5805.81
5806.21
5806.61
5807
5807.4
5807.79
5808.19
5808.59
5808.98
5809.38
5809.77
5810.16
5810.56
5810.95
5811.34
5811.74
5812.13
5812.52
5812.92
5813.31
5813.7
5814.09
5814.48
5814.87
5815.26
5815.65
5816.04
5816.43
5816.82
5817.21
5817.6
5817.99
5818.38
5818.77
5819.16
5819.55
5819.93
5820.32
5820.71
5821.1
5821.48
5821.87
5822.25
5822.64
5823.03
5823.41
5823.8
5824.18
5824.57
5824.95
5825.34
5825.72
5826.1
5826.49
5826.87
5827.25
5827.63
5828.02
5828.4
5828.78
5829.16
5829.54
5829.93
5830.31
5830.69
5831.07
5831.45
5831.83
5832.21
5832.59
5832.97
5833.34
5833.72
5834.1
5834.48
5834.86
5835.24
5835.61
5835.99
5836.37
5836.74
5837.12
5837.5
5837.87
5838.25
5838.62
5839
5839.37
5839.75
5840.12
5840.5
5840.87
5841.24
5841.62
5841.99
5842.36
5842.74
5843.11
5843.48
5843.85
5844.23
5844.6
5844.97
5845.34
5845.71
5846.08
5846.45
5846.82
5847.19
5847.56
5847.93
5848.3
5848.67
5849.04
5849.4
5849.77
5850.14
5850.51
5850.88
5851.24
5851.61
5851.98
5852.34
5852.71
5853.07
5853.44
5853.81
5854.17
5854.54
5854.9
5855.26
5855.63
5855.99
5856.36
5856.72
5857.08
5857.45
5857.81
5858.17
5858.53
5858.9
5859.26
5859.62
5859.98
5860.34
5860.7
5861.06
5861.42
5861.78
5862.14
5862.5
5862.86
5863.22
5863.58
5863.94
5864.3
5864.66
5865.02
5865.37
5865.73
5866.09
5866.44
5866.8
5867.16
5867.51
5867.87
5868.23
5868.58
5868.94
5869.29
5869.65
5870
5870.36
5870.71
5871.07
5871.42
5871.77
5872.13
5872.48
5872.83
5873.19
5873.54
5873.89
5874.24
5874.59
5874.94
5875.3
5875.65
5876
5876.35
5876.7
5877.05
5877.4
5877.75
5878.1
5878.45
5878.8
5879.14
5879.49
5879.84
5880.19
5880.54
5880.88
5881.23
5881.58
5881.93
5882.27
5882.62
5882.96
5883.31
5883.66
5884
5884.35
5884.69
5885.04
5885.38
5885.73
5886.07
5886.41
5886.76
5887.1
5887.44
5887.79
5888.13
5888.47
5888.81
5889.16
5889.5
5889.84
5890.18
5890.52
5890.86
5891.2
5891.55
5891.89
5892.23
5892.57
5892.9
5893.24
5893.58
5893.92
5894.26
5894.6
5894.94
5895.28
5895.61
5895.95
5896.29
5896.63
5896.96
5897.3
5897.64
5897.97
5898.31
5898.64
5898.98
5899.31
5899.65
5899.98
5900.32
5900.65
5900.99
5901.32
5901.66
5901.99
5902.32
5902.66
5902.99
5903.32
5903.65
5903.99
5904.32
5904.65
5904.98
5905.31
5905.64
5905.97
5906.31
5906.64
5906.97
5907.3
5907.63
5907.96
5908.29
5908.61
5908.94
5909.27
5909.6
5909.93
5910.26
5910.58
5910.91
5911.24
5911.57
5911.89
5912.22
5912.55
5912.87
5913.2
5913.53
5913.85
5914.18
5914.5
5914.83
5915.15
5915.48
5915.8
5916.13
5916.45
5916.77
5917.1
5917.42
5917.74
5918.07
5918.39
5918.71
5919.03
5919.36
5919.68
5920
5920.32
5920.64
5920.96
5921.28
5921.6
5921.92
5922.24
5922.56
5922.88
5923.2
5923.52
5923.84
5924.16
5924.48
5924.8
5925.12
5925.43
5925.75
5926.07
5926.39
5926.7
5927.02
5927.34
5927.65
5927.97
5928.29
5928.6
5928.92
5929.23
5929.55
5929.86
5930.18
5930.49
5930.81
5931.12
5931.44
5931.75
5932.06
5932.38
5932.69
5933
5933.32
5933.63
5933.94
5934.25
5934.56
5934.88
5935.19
5935.5
5935.81
5936.12
5936.43
5936.74
5937.05
5937.36
5937.67
5937.98
5938.29
5938.6
5938.91
5939.22
5939.53
5939.84
5940.14
5940.45
5940.76
5941.07
5941.37
5941.68
5941.99
5942.3
5942.6
5942.91
5943.21
5943.52
5943.83
5944.13
5944.44
5944.74
5945.05
5945.35
5945.66
5945.96
5946.27
5946.57
5946.87
5947.18
5947.48
5947.78
5948.09
5948.39
5948.69
5948.99
5949.3
5949.6
5949.9
5950.2
5950.5
5950.8
5951.1
5951.4
5951.71
5952.01
5952.31
5952.61
5952.91
5953.2
5953.5
5953.8
5954.1
5954.4
5954.7
5955
5955.3
5955.59
5955.89
5956.19
5956.49
5956.78
5957.08
5957.38
5957.67
5957.97
5958.27
5958.56
5958.86
5959.15
5959.45
5959.74
5960.04
5960.33
5960.63
5960.92
5961.22
5961.51
5961.8
5962.1
5962.39
5962.68
5962.98
5963.27
5963.56
5963.85
5964.15
5964.44
5964.73
5965.02
5965.31
5965.61
5965.9
5966.19
5966.48
5966.77
5967.06
5967.35
5967.64
5967.93
5968.22
5968.51
5968.8
5969.08
5969.37
5969.66
5969.95
5970.24
5970.53
5970.81
5971.1
5971.39
5971.68
5971.96
5972.25
5972.54
5972.82
5973.11
5973.4
5973.68
5973.97
5974.25
5974.54
5974.82
5975.11
5975.39
5975.68
5975.96
5976.25
5976.53
5976.81
5977.1
5977.38
5977.66
5977.95
5978.23
5978.51
5978.79
5979.08
5979.36
5979.64
5979.92
5980.2
5980.48
5980.77
5981.05
5981.33
5981.61
5981.89
5982.17
5982.45
5982.73
5983.01
5983.29
5983.57
5983.85
5984.12
5984.4
5984.68
5984.96
5985.24
5985.52
5985.79
5986.07
5986.35
5986.63
5986.9
5987.18
5987.46
5987.73
5988.01
5988.28
5988.56
5988.84
5989.11
5989.39
5989.66
5989.94
5990.21
5990.49
5990.76
5991.03
5991.31
5991.58
5991.86
5992.13
5992.4
5992.68
5992.95
5993.22
5993.49
5993.77
5994.04
5994.31
5994.58
5994.85
5995.13
5995.4
5995.67
5995.94
5996.21
5996.48
5996.75
5997.02
5997.29
5997.56
5997.83
5998.1
5998.37
5998.64
5998.91
5999.18
5999.45
5999.71
5999.98
6000.25
6000.52
6000.79
6001.05
6001.32
6001.59
6001.85
6002.12
6002.39
6002.65
6002.92
6003.19
6003.45
6003.72
6003.98
6004.25
6004.51
6004.78
6005.04
6005.31
6005.57
6005.84
6006.1
6006.37
6006.63
6006.89
6007.16
6007.42
6007.68
6007.95
6008.21
6008.47
6008.73
6009
6009.26
6009.52
6009.78
6010.04
6010.3
6010.57
6010.83
6011.09
6011.35
6011.61
6011.87
6012.13
6012.39
6012.65
6012.91
6013.17
6013.43
6013.69
6013.94
6014.2
6014.46
6014.72
6014.98
6015.24
6015.49
6015.75
6016.01
6016.27
6016.52
6016.78
6017.04
6017.29
6017.55
6017.81
6018.06
6018.32
6018.57
6018.83
6019.08
6019.34
6019.6
6019.85
6020.1
6020.36
6020.61
6020.87
6021.12
6021.38
6021.63
6021.88
6022.14
6022.39
6022.64
6022.9
6023.15
6023.4
6023.65
6023.91
6024.16
6024.41
6024.66
6024.91
6025.16
6025.41
6025.67
6025.92
6026.17
6026.42
6026.67
6026.92
6027.17
6027.42
6027.67
6027.92
6028.17
6028.42
6028.66
6028.91
6029.16
6029.41
6029.66
6029.91
6030.15
6030.4
6030.65
6030.9
6031.15
6031.39
6031.64
6031.89
6032.13
6032.38
6032.63
6032.87
6033.12
6033.36
6033.61
6033.85
6034.1
6034.34
6034.59
6034.83
6035.08
6035.32
6035.57
6035.81
6036.06
6036.3
6036.54
6036.79
6037.03
6037.27
6037.52
6037.76
6038
6038.25
6038.49
6038.73
6038.97
6039.21
6039.46
6039.7
6039.94
6040.18
6040.42
6040.66
6040.9
6041.14
6041.38
6041.62
6041.86
6042.1
6042.34
6042.58
6042.82
6043.06
6043.3
6043.54
6043.78
6044.02
6044.26
6044.49
6044.73
6044.97
6045.21
6045.45
6045.68
6045.92
6046.16
6046.39
6046.63
6046.87
6047.1
6047.34
6047.58
6047.81
6048.05
6048.29
6048.52
6048.76
6048.99
6049.23
6049.46
6049.7
6049.93
6050.17
6050.4
6050.63
6050.87
6051.1
6051.34
6051.57
6051.8
6052.04
6052.27
6052.5
6052.73
6052.97
6053.2
6053.43
6053.66
6053.9
6054.13
6054.36
6054.59
6054.82
6055.05
6055.28
6055.52
6055.75
6055.98
6056.21
6056.44
6056.67
6056.9
6057.13
6057.36
6057.59
6057.82
6058.05
6058.27
6058.5
6058.73
6058.96
6059.19
6059.42
6059.65
6059.87
6060.1
6060.33
6060.56
6060.78
6061.01
6061.24
6061.46
6061.69
6061.92
6062.14
6062.37
6062.6
6062.82
6063.05
6063.27
6063.5
6063.72
6063.95
6064.18
6064.4
6064.62
6064.85
6065.07
6065.3
6065.52
6065.75
6065.97
6066.19
6066.42
6066.64
6066.86
6067.09
6067.31
6067.53
6067.76
6067.98
6068.2
6068.42
6068.64
6068.87
6069.09
6069.31
6069.53
6069.75
6069.97
6070.19
6070.42
6070.64
6070.86
6071.08
6071.3
6071.52
6071.74
6071.96
6072.18
6072.4
6072.62
6072.83
6073.05
6073.27
6073.49
6073.71
6073.93
6074.15
6074.36
6074.58
6074.8
6075.02
6075.24
6075.45
6075.67
6075.89
6076.1
6076.32
6076.54
6076.75
6076.97
6077.19
6077.4
6077.62
6077.84
6078.05
6078.27
6078.48
6078.7
6078.91
6079.13
6079.34
6079.56
6079.77
6079.99
6080.2
6080.41
6080.63
6080.84
6081.06
6081.27
6081.48
6081.7
6081.91
6082.12
6082.33
6082.55
6082.76
6082.97
6083.18
6083.4
6083.61
6083.82
6084.03
6084.24
6084.45
6084.67
6084.88
6085.09
6085.3
6085.51
6085.72
6085.93
6086.14
6086.35
6086.56
6086.77
6086.98
6087.19
6087.4
6087.61
6087.82
6088.03
6088.23
6088.44
6088.65
6088.86
6089.07
6089.28
6089.48
6089.69
6089.9
6090.11
6090.31
6090.52
6090.73
6090.94
6091.14
6091.35
6091.56
6091.76
6091.97
6092.17
6092.38
6092.59
6092.79
6093
6093.2
6093.41
6093.61
6093.82
6094.02
6094.23
6094.43
6094.64
6094.84
6095.05
6095.25
6095.45
6095.66
6095.86
6096.06
6096.27
6096.47
6096.67
6096.88
6097.08
6097.28
6097.48
6097.69
6097.89
6098.09
6098.29
6098.5
6098.7
6098.9
6099.1
6099.3
6099.5
6099.7
6099.9
6100.11
6100.31
6100.51
6100.71
6100.91
6101.11
6101.31
6101.51
6101.71
6101.91
6102.11
6102.3
6102.5
6102.7
6102.9
6103.1
6103.3
6103.5
6103.7
6103.89
6104.09
6104.29
6104.49
6104.69
6104.88
6105.08
6105.28
6105.47
6105.67
6105.87
6106.06
6106.26
6106.46
6106.65
6106.85
6107.05
6107.24
6107.44
6107.63
6107.83
6108.02
6108.22
6108.42
6108.61
6108.8
6109
6109.19
6109.39
6109.58
6109.78
6109.97
6110.17
6110.36
6110.55
6110.75
6110.94
6111.13
6111.33
6111.52
6111.71
6111.9
6112.1
6112.29
6112.48
6112.67
6112.87
6113.06
6113.25
6113.44
6113.63
6113.82
6114.02
6114.21
6114.4
6114.59
6114.78
6114.97
6115.16
6115.35
6115.54
6115.73
6115.92
6116.11
6116.3
6116.49
6116.68
6116.87
6117.06
6117.25
6117.44
6117.63
6117.82
6118
6118.19
6118.38
6118.57
6118.76
6118.95
6119.13
6119.32
6119.51
6119.7
6119.88
6120.07
6120.26
6120.44
6120.63
6120.82
6121
6121.19
6121.38
6121.56
6121.75
6121.94
6122.12
6122.31
6122.49
6122.68
6122.86
6123.05
6123.23
6123.42
6123.6
6123.79
6123.97
6124.16
6124.34
6124.53
6124.71
6124.89
6125.08
6125.26
6125.44
6125.63
6125.81
6125.99
6126.18
6126.36
6126.54
6126.73
6126.91
6127.09
6127.27
6127.46
6127.64
6127.82
6128
6128.18
6128.36
6128.55
6128.73
6128.91
6129.09
6129.27
6129.45
6129.63
6129.81
6129.99
6130.17
6130.35
6130.53
6130.71
6130.89
6131.07
6131.25
6131.43
6131.61
6131.79
6131.97
6132.15
6132.33
6132.51
6132.69
6132.86
6133.04
6133.22
6133.4
6133.58
6133.75
6133.93
6134.11
6134.29
6134.47
6134.64
6134.82
6135
6135.17
6135.35
6135.53
6135.7
6135.88
6136.06
6136.23
6136.41
6136.59
6136.76
6136.94
6137.11
6137.29
6137.46
6137.64
6137.81
6137.99
6138.16
6138.34
6138.51
6138.69
6138.86
6139.04
6139.21
6139.38
6139.56
6139.73
6139.91
6140.08
6140.25
6140.43
6140.6
6140.77
6140.95
6141.12
6141.29
6141.46
6141.64
6141.81
6141.98
6142.15
6142.33
6142.5
6142.67
6142.84
6143.01
6143.18
6143.36
6143.53
6143.7
6143.87
6144.04
6144.21
6144.38
6144.55
6144.72
6144.89
6145.06
6145.23
6145.4
6145.57
6145.74
6145.91
6146.08
6146.25
6146.42
6146.59
6146.76
6146.93
6147.1
6147.27
6147.43
6147.6
6147.77
6147.94
6148.11
6148.28
6148.44
6148.61
6148.78
6148.95
6149.11
6149.28
6149.45
6149.62
6149.78
6149.95
6150.12
6150.28
6150.45
6150.62
6150.78
6150.95
6151.11
6151.28
6151.45
6151.61
6151.78
6151.94
6152.11
6152.27
6152.44
6152.6
6152.77
6152.93
6153.1
6153.26
6153.43
6153.59
6153.76
6153.92
6154.09
6154.25
6154.41
6154.58
6154.74
6154.9
6155.07
6155.23
6155.39
6155.56
6155.72
6155.88
6156.05
6156.21
6156.37
6156.53
6156.7
6156.86
6157.02
6157.18
6157.34
6157.51
6157.67
6157.83
6157.99
6158.15
6158.31
6158.47
6158.63
6158.8
6158.96
6159.12
6159.28
6159.44
6159.6
6159.76
6159.92
6160.08
6160.24
6160.4
6160.56
6160.72
6160.88
6161.04
6161.2
6161.35
6161.51
6161.67
6161.83
6161.99
6162.15
6162.31
6162.47
6162.62
6162.78
6162.94
6163.1
6163.26
6163.41
6163.57
6163.73
6163.89
6164.04
6164.2
6164.36
6164.51
6164.67
6164.83
6164.98
6165.14
6165.3
6165.45
6165.61
6165.77
6165.92
6166.08
6166.23
6166.39
6166.54
6166.7
6166.86
6167.01
6167.17
6167.32
6167.48
6167.63
6167.79
6167.94
6168.09
6168.25
6168.4
6168.56
6168.71
6168.87
6169.02
6169.17
6169.33
6169.48
6169.63
6169.79
6169.94
6170.09
6170.25
6170.4
6170.55
6170.71
6170.86
6171.01
6171.16
6171.32
6171.47
6171.62
6171.77
6171.92
6172.08
6172.23
6172.38
6172.53
6172.68
6172.83
6172.98
6173.14
6173.29
6173.44
6173.59
6173.74
6173.89
6174.04
6174.19
6174.34
6174.49
6174.64
6174.79
6174.94
6175.09
6175.24
6175.39
6175.54
6175.69
6175.84
6175.99
6176.14
6176.28
6176.43
6176.58
6176.73
6176.88
6177.03
6177.18
6177.32
6177.47
6177.62
6177.77
6177.92
6178.06
6178.21
6178.36
6178.51
6178.65
6178.8
6178.95
6179.09
6179.24
6179.39
6179.54
6179.68
6179.83
6179.97
6180.12
6180.27
6180.41
6180.56
6180.71
6180.85
6181
6181.14
6181.29
6181.43
6181.58
6181.72
6181.87
6182.01
6182.16
6182.3
6182.45
6182.59
6182.74
6182.88
6183.03
6183.17
6183.31
6183.46
6183.6
6183.75
6183.89
6184.03
6184.18
6184.32
6184.46
6184.61
6184.75
6184.89
6185.04
6185.18
6185.32
6185.47
6185.61
6185.75
6185.89
6186.03
6186.18
6186.32
6186.46
6186.6
6186.74
6186.89
6187.03
6187.17
6187.31
6187.45
6187.59
6187.73
6187.88
6188.02
6188.16
6188.3
6188.44
6188.58
6188.72
6188.86
6189
6189.14
6189.28
6189.42
6189.56
6189.7
6189.84
6189.98
6190.12
6190.26
6190.4
6190.54
6190.68
6190.81
6190.95
6191.09
6191.23
6191.37
6191.51
6191.65
6191.78
6191.92
6192.06
6192.2
6192.34
6192.48
6192.61
6192.75
6192.89
6193.03
6193.16
6193.3
6193.44
6193.57
6193.71
6193.85
6193.99
6194.12
6194.26
6194.4
6194.53
6194.67
6194.8
6194.94
6195.08
6195.21
6195.35
6195.48
6195.62
6195.76
6195.89
6196.03
6196.16
6196.3
6196.43
6196.57
6196.7
6196.84
6196.97
6197.11
6197.24
6197.38
6197.51
6197.64
6197.78
6197.91
6198.05
6198.18
6198.32
6198.45
6198.58
6198.72
6198.85
6198.98
6199.12
6199.25
6199.38
6199.52
6199.65
6199.78
6199.91
6200.05
6200.18
6200.31
6200.44
6200.58
6200.71
6200.84
6200.97
6201.11
6201.24
6201.37
6201.5
6201.63
6201.76
6201.9
6202.03
6202.16
6202.29
6202.42
6202.55
6202.68
6202.81
6202.94
6203.07
6203.2
6203.34
6203.47
6203.6
6203.73
6203.86
6203.99
6204.12
6204.25
6204.38
6204.51
6204.63
6204.76
6204.89
6205.02
6205.15
6205.28
6205.41
6205.54
6205.67
6205.8
6205.93
6206.05
6206.18
6206.31
6206.44
6206.57
6206.7
6206.82
6206.95
6207.08
6207.21
6207.33
6207.46
6207.59
6207.72
6207.84
6207.97
6208.1
6208.23
6208.35
6208.48
6208.61
6208.73
6208.86
6208.99
6209.11
6209.24
6209.37
6209.49
6209.62
6209.74
6209.87
6210
6210.12
6210.25
6210.37
6210.5
6210.62
6210.75
6210.87
6211
6211.13
6211.25
6211.38
6211.5
6211.62
6211.75
6211.87
6212
6212.12
6212.25
6212.37
6212.5
6212.62
6212.74
6212.87
6212.99
6213.12
6213.24
6213.36
6213.49
6213.61
6213.73
6213.86
6213.98
6214.1
6214.22
6214.35
6214.47
6214.59
6214.72
6214.84
6214.96
6215.08
6215.21
6215.33
6215.45
6215.57
6215.69
6215.82
6215.94
6216.06
6216.18
6216.3
6216.42
6216.55
6216.67
6216.79
6216.91
6217.03
6217.15
6217.27
6217.39
6217.51
6217.63
6217.75
6217.88
6218
6218.12
6218.24
6218.36
6218.48
6218.6
6218.72
6218.84
6218.96
6219.08
6219.2
6219.31
6219.43
6219.55
6219.67
6219.79
6219.91
6220.03
6220.15
6220.27
6220.39
6220.5
6220.62
6220.74
6220.86
6220.98
6221.1
6221.22
6221.33
6221.45
6221.57
6221.69
6221.8
6221.92
6222.04
6222.16
6222.28
6222.39
6222.51
6222.63
6222.74
6222.86
6222.98
6223.1
6223.21
6223.33
6223.45
6223.56
6223.68
6223.79
6223.91
6224.03
6224.14
6224.26
6224.38
6224.49
6224.61
6224.72
6224.84
6224.95
6225.07
6225.19
6225.3
6225.42
6225.53
6225.65
6225.76
6225.88
6225.99
6226.11
6226.22
6226.34
6226.45
6226.56
6226.68
6226.79
6226.91
6227.02
6227.14
6227.25
6227.36
6227.48
6227.59
6227.71
6227.82
6227.93
6228.05
6228.16
6228.27
6228.39
6228.5
6228.61
6228.73
6228.84
6228.95
6229.06
6229.18
6229.29
6229.4
6229.51
6229.63
6229.74
6229.85
6229.96
6230.08
6230.19
6230.3
6230.41
6230.52
6230.64
6230.75
6230.86
6230.97
6231.08
6231.19
6231.3
6231.42
6231.53
6231.64
6231.75
6231.86
6231.97
6232.08
6232.19
6232.3
6232.41
6232.52
6232.63
6232.74
6232.85
6232.96
6233.07
6233.18
6233.29
6233.4
6233.51
6233.62
6233.73
6233.84
6233.95
6234.06
6234.17
6234.28
6234.39
6234.5
6234.61
6234.72
6234.82
6234.93
6235.04
6235.15
6235.26
6235.37
6235.48
6235.58
6235.69
6235.8
6235.91
6236.02
6236.12
6236.23
6236.34
6236.45
6236.56
6236.66
6236.77
6236.88
6236.99
6237.09
6237.2
6237.31
6237.41
6237.52
6237.63
6237.74
6237.84
6237.95
6238.06
6238.16
6238.27
6238.37
6238.48
6238.59
6238.69
6238.8
6238.91
6239.01
6239.12
6239.22
6239.33
6239.43
6239.54
6239.65
6239.75
6239.86
6239.96
6240.07
6240.17
6240.28
6240.38
6240.49
6240.59
6240.7
6240.8
6240.91
6241.01
6241.12
6241.22
6241.32
6241.43
6241.53
6241.64
6241.74
6241.85
6241.95
6242.05
6242.16
6242.26
6242.36
6242.47
6242.57
6242.67
6242.78
6242.88
6242.98
6243.09
6243.19
6243.29
6243.4
6243.5
6243.6
6243.71
6243.81
6243.91
6244.01
6244.12
6244.22
6244.32
6244.42
6244.52
6244.63
6244.73
6244.83
6244.93
6245.03
6245.14
6245.24
6245.34
6245.44
6245.54
6245.64
6245.75
6245.85
6245.95
6246.05
6246.15
6246.25
6246.35
6246.45
6246.55
6246.65
6246.75
6246.86
6246.96
6247.06
6247.16
6247.26
6247.36
6247.46
6247.56
6247.66
6247.76
6247.86
6247.96
6248.06
6248.16
6248.26
6248.36
6248.46
6248.55
6248.65
6248.75
6248.85
6248.95
6249.05
6249.15
6249.25
6249.35
6249.45
6249.54
6249.64
6249.74
6249.84
6249.94
6250.04
6250.14
6250.23
6250.33
6250.43
6250.53
6250.63
6250.72
6250.82
6250.92
6251.02
6251.12
6251.21
6251.31
6251.41
6251.51
6251.6
6251.7
6251.8
6251.89
6251.99
6252.09
6252.19
6252.28
6252.38
6252.48
6252.57
6252.67
6252.77
6252.86
6252.96
6253.05
6253.15
6253.25
6253.34
6253.44
6253.53
6253.63
6253.73
6253.82
6253.92
6254.01
6254.11
6254.2
6254.3
6254.4
6254.49
6254.59
6254.68
6254.78
6254.87
6254.97
6255.06
6255.16
6255.25
6255.35
6255.44
6255.54
6255.63
6255.72
6255.82
6255.91
6256.01
6256.1
6256.2
6256.29
6256.38
6256.48
6256.57
6256.67
6256.76
6256.85
6256.95
6257.04
6257.13
6257.23
6257.32
6257.41
6257.51
6257.6
6257.69
6257.79
6257.88
6257.97
6258.06
6258.16
6258.25
6258.34
6258.44
6258.53
6258.62
6258.71
6258.81
6258.9
6258.99
6259.08
6259.17
6259.27
6259.36
6259.45
6259.54
6259.63
6259.73
6259.82
6259.91
6260
6260.09
6260.18
6260.27
6260.37
6260.46
6260.55
6260.64
6260.73
6260.82
6260.91
6261
6261.09
6261.18
6261.28
6261.37
6261.46
6261.55
6261.64
6261.73
6261.82
6261.91
6262
6262.09
6262.18
6262.27
6262.36
6262.45
6262.54
6262.63
6262.72
6262.81
6262.9
6262.99
6263.07
6263.16
6263.25
6263.34
6263.43
6263.52
6263.61
6263.7
6263.79
6263.88
6263.97
6264.05
6264.14
6264.23
6264.32
6264.41
6264.5
6264.59
6264.67
6264.76
6264.85
6264.94
6265.03
6265.11
6265.2
6265.29
6265.38
6265.47
6265.55
6265.64
6265.73
6265.82
6265.9
6265.99
6266.08
6266.17
6266.25
6266.34
6266.43
6266.51
6266.6
6266.69
6266.78
6266.86
6266.95
6267.04
6267.12
6267.21
6267.3
6267.38
6267.47
6267.55
6267.64
6267.73
6267.81
6267.9
6267.98
6268.07
6268.16
6268.24
6268.33
6268.41
6268.5
6268.59
6268.67
6268.76
6268.84
6268.93
6269.01
6269.1
6269.18
6269.27
6269.35
6269.44
6269.52
6269.61
6269.69
6269.78
6269.86
6269.95
6270.03
6270.12
6270.2
6270.29
6270.37
6270.45
6270.54
6270.62
6270.71
6270.79
6270.87
6270.96
6271.04
6271.13
6271.21
6271.29
6271.38
6271.46
6271.55
6271.63
6271.71
6271.8
6271.88
6271.96
6272.05
6272.13
6272.21
6272.29
6272.38
6272.46
6272.54
6272.63
6272.71
6272.79
6272.87
6272.96
6273.04
6273.12
6273.2
6273.29
6273.37
6273.45
6273.53
6273.62
6273.7
6273.78
6273.86
6273.94
6274.03
6274.11
6274.19
6274.27
6274.35
6274.43
6274.52
6274.6
6274.68
6274.76
6274.84
6274.92
6275
6275.08
6275.17
6275.25
6275.33
6275.41
6275.49
6275.57
6275.65
6275.73
6275.81
6275.89
6275.97
6276.05
6276.13
6276.21
6276.3
6276.38
6276.46
6276.54
6276.62
6276.7
6276.78
6276.86
6276.94
6277.02
6277.1
6277.17
6277.25
6277.33
6277.41
6277.49
6277.57
6277.65
6277.73
6277.81
6277.89
6277.97
6278.05
6278.13
6278.21
6278.28
6278.36
6278.44
6278.52
6278.6
6278.68
6278.76
6278.84
6278.91
6278.99
6279.07
6279.15
6279.23
6279.31
6279.38
6279.46
6279.54
6279.62
6279.7
6279.77
6279.85
6279.93
6280.01
6280.09
6280.16
6280.24
6280.32
6280.4
6280.47
6280.55
6280.63
6280.7
6280.78
6280.86
6280.94
6281.01
6281.09
6281.17
6281.24
6281.32
6281.4
6281.47
6281.55
6281.63
6281.7
6281.78
6281.86
6281.93
6282.01
6282.09
6282.16
6282.24
6282.31
6282.39
6282.47
6282.54
6282.62
6282.69
6282.77
6282.85
6282.92
6283
6283.07
6283.15
6283.22
6283.3
6283.38
6283.45
6283.53
6283.6
6283.68
6283.75
6283.83
6283.9
6283.98
6284.05
6284.13
6284.2
6284.28
6284.35
6284.43
6284.5
6284.57
6284.65
6284.72
6284.8
6284.87
6284.95
6285.02
6285.1
6285.17
6285.24
6285.32
6285.39
6285.47
6285.54
6285.61
6285.69
6285.76
6285.84
6285.91
6285.98
6286.06
6286.13
6286.2
6286.28
6286.35
6286.42
6286.5
6286.57
6286.64
6286.72
6286.79
6286.86
6286.93
6287.01
6287.08
6287.15
6287.23
6287.3
6287.37
6287.44
6287.52
6287.59
6287.66
6287.73
6287.81
6287.88
6287.95
6288.02
6288.1
6288.17
6288.24
6288.31
6288.38
6288.46
6288.53
6288.6
6288.67
6288.74
6288.81
6288.89
6288.96
6289.03
6289.1
6289.17
6289.24
6289.31
6289.39
6289.46
6289.53
6289.6
6289.67
6289.74
6289.81
6289.88
6289.95
6290.02
6290.1
6290.17
6290.24
6290.31
6290.38
6290.45
6290.52
6290.59
6290.66
6290.73
6290.8
6290.87
6290.94
6291.01
6291.08
6291.15
6291.22
6291.29
6291.36
6291.43
6291.5
6291.57
6291.64
6291.71
6291.78
6291.85
6291.92
6291.99
6292.06
6292.13
6292.2
6292.27
6292.33
6292.4
6292.47
6292.54
6292.61
6292.68
6292.75
6292.82
6292.89
6292.96
6293.02
6293.09
6293.16
6293.23
6293.3
6293.37
6293.44
6293.5
6293.57
6293.64
6293.71
6293.78
6293.85
6293.91
6293.98
6294.05
6294.12
6294.19
6294.25
6294.32
6294.39
6294.46
6294.52
6294.59
6294.66
6294.73
6294.8
6294.86
6294.93
6295
6295.07
6295.13
6295.2
6295.27
6295.33
6295.4
6295.47
6295.54
6295.6
6295.67
6295.74
6295.8
6295.87
6295.94
6296
6296.07
6296.14
6296.2
6296.27
6296.34
6296.4
6296.47
6296.53
6296.6
6296.67
6296.73
6296.8
6296.87
6296.93
6297
6297.06
6297.13
6297.2
6297.26
6297.33
6297.39
6297.46
6297.52
6297.59
6297.66
6297.72
6297.79
6297.85
6297.92
6297.98
6298.05
6298.11
6298.18
6298.24
6298.31
6298.37
6298.44
6298.5
6298.57
6298.63
6298.7
6298.76
6298.83
6298.89
6298.96
6299.02
6299.09
6299.15
6299.22
6299.28
6299.34
6299.41
6299.47
6299.54
6299.6
6299.67
6299.73
6299.79
6299.86
6299.92
6299.99
6300.05
6300.11
6300.18
6300.24
6300.3
6300.37
6300.43
6300.5
6300.56
6300.62
6300.69
6300.75
6300.81
6300.88
6300.94
6301
6301.07
6301.13
6301.19
6301.26
6301.32
6301.38
6301.44
6301.51
6301.57
6301.63
6301.7
6301.76
6301.82
6301.88
6301.95
6302.01
6302.07
6302.13
6302.2
6302.26
6302.32
6302.38
6302.44
6302.51
6302.57
6302.63
6302.69
6302.76
6302.82
6302.88
6302.94
6303
6303.07
6303.13
6303.19
6303.25
6303.31
6303.37
6303.44
6303.5
6303.56
6303.62
6303.68
6303.74
6303.8
6303.86
6303.93
6303.99
6304.05
6304.11
6304.17
6304.23
6304.29
6304.35
6304.41
6304.48
6304.54
6304.6
6304.66
6304.72
6304.78
6304.84
6304.9
6304.96
6305.02
6305.08
6305.14
6305.2
6305.26
6305.32
6305.38
6305.44
6305.5
6305.56
6305.62
6305.68
6305.74
6305.8
6305.86
6305.92
6305.98
6306.04
6306.1
6306.16
6306.22
6306.28
6306.34
6306.4
6306.46
6306.52
6306.58
6306.64
6306.7
6306.76
6306.82
6306.87
6306.93
6306.99
6307.05
6307.11
6307.17
6307.23
6307.29
6307.35
6307.41
6307.46
6307.52
6307.58
6307.64
6307.7
6307.76
6307.82
6307.87
6307.93
6307.99
6308.05
6308.11
6308.17
6308.22
6308.28
6308.34
6308.4
6308.46
6308.51
6308.57
6308.63
6308.69
6308.75
6308.8
6308.86
6308.92
6308.98
6309.04
6309.09
6309.15
6309.21
6309.27
6309.32
6309.38
6309.44
6309.5
6309.55
6309.61
6309.67
6309.72
6309.78
6309.84
6309.9
6309.95
6310.01
6310.07
6310.12
6310.18
6310.24
6310.29
6310.35
6310.41
6310.46
6310.52
6310.58
6310.63
6310.69
6310.75
6310.8
6310.86
6310.92
6310.97
6311.03
6311.09
6311.14
6311.2
6311.25
6311.31
6311.37
6311.42
6311.48
6311.53
6311.59
6311.65
6311.7
6311.76
6311.81
6311.87
6311.93
6311.98
6312.04
6312.09
6312.15
6312.2
6312.26
6312.31
6312.37
6312.42
6312.48
6312.54
6312.59
6312.65
6312.7
6312.76
6312.81
6312.87
6312.92
6312.98
6313.03
6313.09
6313.14
6313.2
6313.25
6313.3
6313.36
6313.41
6313.47
6313.52
6313.58
6313.63
6313.69
6313.74
6313.8
6313.85
6313.9
6313.96
6314.01
6314.07
6314.12
6314.18
6314.23
6314.28
6314.34
6314.39
6314.45
6314.5
6314.55
6314.61
6314.66
6314.71
6314.77
6314.82
6314.88
6314.93
6314.98
6315.04
6315.09
6315.14
6315.2
6315.25
6315.3
6315.36
6315.41
6315.46
6315.52
6315.57
6315.62
6315.68
6315.73
6315.78
6315.83
6315.89
6315.94
6315.99
6316.05
6316.1
6316.15
6316.2
6316.26
6316.31
6316.36
6316.42
6316.47
6316.52
6316.57
6316.63
6316.68
6316.73
6316.78
6316.83
6316.89
6316.94
6316.99
6317.04
6317.1
6317.15
6317.2
6317.25
6317.3
6317.36
6317.41
6317.46
6317.51
6317.56
6317.61
6317.67
6317.72
6317.77
6317.82
6317.87
6317.92
6317.98
6318.03
6318.08
6318.13
6318.18
6318.23
6318.28
6318.34
6318.39
6318.44
6318.49
6318.54
6318.59
6318.64
6318.69
6318.74
6318.79
6318.85
6318.9
6318.95
6319
6319.05
6319.1
6319.15
6319.2
6319.25
6319.3
6319.35
6319.4
6319.45
6319.5
6319.55
6319.6
6319.66
6319.71
6319.76
6319.81
6319.86
6319.91
6319.96
6320.01
6320.06
6320.11
6320.16
6320.21
6320.26
6320.31
6320.36
6320.41
6320.46
6320.51
6320.56
6320.6
6320.65
6320.7
6320.75
6320.8
6320.85
6320.9
6320.95
6321
6321.05
6321.1
6321.15
6321.2
6321.25
6321.3
6321.35
6321.39
6321.44
6321.49
6321.54
6321.59
6321.64
6321.69
6321.74
6321.79
6321.84
6321.88
6321.93
6321.98
6322.03
6322.08
6322.13
6322.18
6322.22
6322.27
6322.32
6322.37
6322.42
6322.47
6322.52
6322.56
6322.61
6322.66
6322.71
6322.76
6322.8
6322.85
6322.9
6322.95
6323
6323.05
6323.09
6323.14
6323.19
6323.24
6323.28
6323.33
6323.38
6323.43
6323.48
6323.52
6323.57
6323.62
6323.67
6323.71
6323.76
6323.81
6323.86
6323.9
6323.95
6324
6324.05
6324.09
6324.14
6324.19
6324.23
6324.28
6324.33
6324.38
6324.42
6324.47
6324.52
6324.56
6324.61
6324.66
6324.7
6324.75
6324.8
6324.84
6324.89
6324.94
6324.98
6325.03
6325.08
6325.12
6325.17
6325.22
6325.26
6325.31
6325.36
6325.4
6325.45
6325.5
6325.54
6325.59
6325.63
6325.68
6325.73
6325.77
6325.82
6325.86
6325.91
6325.96
6326
6326.05
6326.09
6326.14
6326.19
6326.23
6326.28
6326.32
6326.37
6326.41
6326.46
6326.51
6326.55
6326.6
6326.64
6326.69
6326.73
6326.78
6326.82
6326.87
6326.91
6326.96
6327
6327.05
6327.1
6327.14
6327.19
6327.23
6327.28
6327.32
6327.37
6327.41
6327.46
6327.5
6327.55
6327.59
6327.63
6327.68
6327.72
6327.77
6327.81
6327.86
6327.9
6327.95
6327.99
6328.04
6328.08
6328.13
6328.17
6328.21
6328.26
6328.3
6328.35
6328.39
6328.44
6328.48
6328.52
6328.57
6328.61
6328.66
6328.7
6328.74
6328.79
6328.83
6328.88
6328.92
6328.96
6329.01
6329.05
6329.1
6329.14
6329.18
6329.23
6329.27
6329.31
6329.36
6329.4
6329.45
6329.49
6329.53
6329.58
6329.62
6329.66
6329.71
6329.75
6329.79
6329.84
6329.88
6329.92
6329.97
6330.01
6330.05
6330.1
6330.14
6330.18
6330.22
6330.27
6330.31
6330.35
6330.4
6330.44
6330.48
6330.52
6330.57
6330.61
6330.65
6330.7
6330.74
6330.78
6330.82
6330.87
6330.91
6330.95
6330.99
6331.04
6331.08
6331.12
6331.16
6331.21
6331.25
6331.29
6331.33
6331.37
6331.42
6331.46
6331.5
6331.54
6331.58
6331.63
6331.67
6331.71
6331.75
6331.79
6331.84
6331.88
6331.92
6331.96
6332
6332.05
6332.09
6332.13
6332.17
6332.21
6332.25
6332.3
6332.34
6332.38
6332.42
6332.46
6332.5
6332.54
6332.59
6332.63
6332.67
6332.71
6332.75
6332.79
6332.83
6332.87
6332.92
6332.96
6333
6333.04
6333.08
6333.12
6333.16
6333.2
6333.24
6333.28
6333.33
6333.37
6333.41
6333.45
6333.49
6333.53
6333.57
6333.61
6333.65
6333.69
6333.73
6333.77
6333.81
6333.85
6333.89
6333.94
6333.98
6334.02
6334.06
6334.1
6334.14
6334.18
6334.22
6334.26
6334.3
6334.34
6334.38
6334.42
6334.46
6334.5
6334.54
6334.58
6334.62
6334.66
6334.7
6334.74
6334.78
6334.82
6334.86
6334.9
6334.94
6334.98
6335.02
6335.06
6335.1
6335.14
6335.17
6335.21
6335.25
6335.29
6335.33
6335.37
6335.41
6335.45
6335.49
6335.53
6335.57
6335.61
6335.65
6335.69
6335.73
6335.77
6335.8
6335.84
6335.88
6335.92
6335.96
6336
6336.04
6336.08
6336.12
6336.16
6336.19
6336.23
6336.27
6336.31
6336.35
6336.39
6336.43
6336.47
6336.5
6336.54
6336.58
6336.62
6336.66
6336.7
6336.74
6336.77
6336.81
6336.85
6336.89
6336.93
6336.97
6337
6337.04
6337.08
6337.12
6337.16
6337.2
6337.23
6337.27
6337.31
6337.35
6337.39
6337.42
6337.46
6337.5
6337.54
6337.58
6337.61
6337.65
6337.69
6337.73
6337.76
6337.8
6337.84
6337.88
6337.92
6337.95
6337.99
6338.03
6338.07
6338.1
6338.14
6338.18
6338.22
6338.25
6338.29
6338.33
6338.37
6338.4
6338.44
6338.48
6338.52
6338.55
6338.59
6338.63
6338.66
6338.7
6338.74
6338.78
6338.81
6338.85
6338.89
6338.92
6338.96
6339
6339.03
6339.07
6339.11
6339.14
6339.18
6339.22
6339.25
6339.29
6339.33
6339.36
6339.4
6339.44
6339.47
6339.51
6339.55
6339.58
6339.62
6339.66
6339.69
6339.73
6339.77
6339.8
6339.84
6339.88
6339.91
6339.95
6339.98
6340.02
6340.06
6340.09
6340.13
6340.17
6340.2
6340.24
6340.27
6340.31
6340.35
6340.38
6340.42
6340.45
6340.49
6340.53
6340.56
6340.6
6340.63
6340.67
6340.7
6340.74
6340.78
6340.81
6340.85
6340.88
6340.92
6340.95
6340.99
6341.02
6341.06
6341.1
6341.13
6341.17
6341.2
6341.24
6341.27
6341.31
6341.34
6341.38
6341.41
6341.45
6341.48
6341.52
6341.55
6341.59
6341.62
6341.66
6341.69
6341.73
6341.76
6341.8
6341.83
6341.87
6341.9
6341.94
6341.97
6342.01
6342.04
6342.08
6342.11
6342.15
6342.18
6342.22
6342.25
6342.29
6342.32
6342.36
6342.39
6342.43
6342.46
6342.49
6342.53
6342.56
6342.6
6342.63
6342.67
6342.7
6342.74
6342.77
6342.8
6342.84
6342.87
6342.91
6342.94
6342.97
6343.01
6343.04
6343.08
6343.11
6343.15
6343.18
6343.21
6343.25
6343.28
6343.32
6343.35
6343.38
6343.42
6343.45
6343.48
6343.52
6343.55
6343.59
6343.62
6343.65
6343.69
6343.72
6343.75
6343.79
6343.82
6343.85
6343.89
6343.92
6343.96
6343.99
6344.02
6344.06
6344.09
6344.12
6344.16
6344.19
6344.22
6344.26
6344.29
6344.32
6344.36
6344.39
6344.42
6344.45
6344.49
6344.52
6344.55
6344.59
6344.62
6344.65
6344.69
6344.72
6344.75
6344.78
6344.82
6344.85
6344.88
6344.92
6344.95
6344.98
6345.01
6345.05
6345.08
6345.11
6345.15
6345.18
6345.21
6345.24
6345.28
6345.31
6345.34
6345.37
6345.41
6345.44
6345.47
6345.5
6345.54
6345.57
6345.6
6345.63
6345.66
6345.7
6345.73
6345.76
6345.79
6345.83
6345.86
6345.89
6345.92
6345.95
6345.99
6346.02
6346.05
6346.08
6346.11
6346.15
6346.18
6346.21
6346.24
6346.27
6346.31
6346.34
6346.37
6346.4
6346.43
6346.47
6346.5
6346.53
6346.56
6346.59
6346.62
6346.66
6346.69
6346.72
6346.75
6346.78
6346.81
6346.84
6346.88
6346.91
6346.94
6346.97
6347
6347.03
6347.06
6347.1
6347.13
6347.16
6347.19
6347.22
6347.25
6347.28
6347.31
6347.34
6347.38
6347.41
6347.44
6347.47
6347.5
6347.53
6347.56
6347.59
6347.62
6347.66
6347.69
6347.72
6347.75
6347.78
6347.81
6347.84
6347.87
6347.9
6347.93
6347.96
6347.99
6348.02
6348.06
6348.09
6348.12
6348.15
6348.18
6348.21
6348.24
6348.27
6348.3
6348.33
6348.36
6348.39
6348.42
6348.45
6348.48
6348.51
6348.54
6348.57
6348.6
6348.63
6348.66
6348.69
6348.72
6348.75
6348.78
6348.81
6348.84
6348.87
6348.9
6348.93
6348.96
6348.99
6349.02
6349.05
6349.08
6349.11
6349.14
6349.17
6349.2
6349.23
6349.26
6349.29
6349.32
6349.35
6349.38
6349.41
6349.44
6349.47
6349.5
6349.53
6349.56
6349.59
6349.62
6349.65
6349.68
6349.71
6349.74
6349.77
6349.8
6349.83
6349.85
6349.88
6349.91
6349.94
6349.97
6350
6350.03
6350.06
6350.09
6350.12
6350.15
6350.18
6350.21
6350.24
6350.26
6350.29
6350.32
6350.35
6350.38
6350.41
6350.44
6350.47
6350.5
6350.53
6350.55
6350.58
6350.61
6350.64
6350.67
6350.7
6350.73
6350.76
6350.78
6350.81
6350.84
6350.87
6350.9
6350.93
6350.96
6350.99
6351.01
6351.04
6351.07
6351.1
6351.13
6351.16
6351.19
6351.21
6351.24
6351.27
6351.3
6351.33
6351.36
6351.38
6351.41
6351.44
6351.47
6351.5
6351.53
6351.55
6351.58
6351.61
6351.64
6351.67
6351.69
6351.72
6351.75
6351.78
6351.81
6351.83
6351.86
6351.89
6351.92
6351.95
6351.97
6352
6352.03
6352.06
6352.09
6352.11
6352.14
6352.17
6352.2
6352.22
6352.25
6352.28
6352.31
6352.34
6352.36
6352.39
6352.42
6352.45
6352.47
6352.5
6352.53
6352.56
6352.58
6352.61
6352.64
6352.67
6352.69
6352.72
6352.75
6352.78
6352.8
6352.83
6352.86
6352.88
6352.91
6352.94
6352.97
6352.99
6353.02
6353.05
6353.07
6353.1
6353.13
6353.16
6353.18
6353.21
6353.24
6353.26
6353.29
6353.32
6353.35
6353.37
6353.4
6353.43
6353.45
6353.48
6353.51
6353.53
6353.56
6353.59
6353.61
6353.64
6353.67
6353.69
6353.72
6353.75
6353.77
6353.8
6353.83
6353.85
6353.88
6353.91
6353.93
6353.96
6353.99
6354.01
6354.04
6354.07
6354.09
6354.12
6354.15
6354.17
6354.2
6354.22
6354.25
6354.28
6354.3
6354.33
6354.36
6354.38
6354.41
6354.43
6354.46
6354.49
6354.51
6354.54
6354.57
6354.59
6354.62
6354.64
6354.67
6354.7
6354.72
6354.75
6354.77
6354.8
6354.83
6354.85
6354.88
6354.9
6354.93
6354.96
6354.98
6355.01
6355.03
6355.06
6355.08
6355.11
6355.14
6355.16
6355.19
6355.21
6355.24
6355.26
6355.29
6355.32
6355.34
6355.37
6355.39
6355.42
6355.44
6355.47
6355.49
6355.52
6355.54
6355.57
6355.6
6355.62
6355.65
6355.67
6355.7
6355.72
6355.75
6355.77
6355.8
6355.82
6355.85
6355.87
6355.9
6355.92
6355.95
6355.97
6356
6356.02
6356.05
6356.07
6356.1
6356.12
6356.15
6356.17
6356.2
6356.22
6356.25
6356.27
6356.3
6356.32
6356.35
6356.37
6356.4
6356.42
6356.45
6356.47
6356.5
6356.52
6356.55
6356.57
6356.6
6356.62
6356.65
6356.67
6356.7
6356.72
6356.75
6356.77
6356.79
6356.82
6356.84
6356.87
6356.89
6356.92
6356.94
6356.97
6356.99
6357.01
6357.04
6357.06
6357.09
6357.11
6357.14
6357.16
6357.19
6357.21
6357.23
6357.26
6357.28
6357.31
6357.33
6357.35
6357.38
6357.4
6357.43
6357.45
6357.48
6357.5
6357.52
6357.55
6357.57
6357.6
6357.62
6357.64
6357.67
6357.69
6357.72
6357.74
6357.76
6357.79
6357.81
6357.83
6357.86
6357.88
6357.91
6357.93
6357.95
6357.98
6358
6358.02
6358.05
6358.07
6358.1
6358.12
6358.14
6358.17
6358.19
6358.21
6358.24
6358.26
6358.28
6358.31
6358.33
6358.36
6358.38
6358.4
6358.43
6358.45
6358.47
6358.5
6358.52
6358.54
6358.57
6358.59
6358.61
6358.64
6358.66
6358.68
6358.71
6358.73
6358.75
6358.78
6358.8
6358.82
6358.84
6358.87
6358.89
6358.91
6358.94
6358.96
6358.98
6359.01
6359.03
6359.05
6359.08
6359.1
6359.12
6359.14
6359.17
6359.19
6359.21
6359.24
6359.26
6359.28
6359.3
6359.33
6359.35
6359.37
6359.4
6359.42
6359.44
6359.46
6359.49
6359.51
6359.53
6359.55
6359.58
6359.6
6359.62
6359.64
6359.67
6359.69
6359.71
6359.73
6359.76
6359.78
6359.8
6359.82
6359.85
6359.87
6359.89
6359.91
6359.94
6359.96
6359.98
6360
6360.03
6360.05
6360.07
6360.09
6360.12
6360.14
6360.16
6360.18
6360.2
6360.23
6360.25
6360.27
6360.29
6360.31
6360.34
6360.36
6360.38
6360.4
6360.43
6360.45
6360.47
6360.49
6360.51
6360.54
6360.56
6360.58
6360.6
6360.62
6360.64
6360.67
6360.69
6360.71
6360.73
6360.75
6360.78
6360.8
6360.82
6360.84
6360.86
6360.88
6360.91
6360.93
6360.95
6360.97
6360.99
6361.01
6361.04
6361.06
6361.08
6361.1
6361.12
6361.14
6361.17
6361.19
6361.21
6361.23
6361.25
6361.27
6361.29
6361.32
6361.34
6361.36
6361.38
6361.4
6361.42
6361.44
6361.47
6361.49
6361.51
6361.53
6361.55
6361.57
6361.59
6361.61
6361.64
6361.66
6361.68
6361.7
6361.72
6361.74
6361.76
6361.78
6361.8
6361.83
6361.85
6361.87
6361.89
6361.91
6361.93
6361.95
6361.97
6361.99
6362.01
6362.04
6362.06
6362.08
6362.1
6362.12
6362.14
6362.16
6362.18
6362.2
6362.22
6362.24
6362.26
6362.29
6362.31
6362.33
6362.35
6362.37
6362.39
6362.41
6362.43
6362.45
6362.47
6362.49
6362.51
6362.53
6362.55
6362.57
6362.59
6362.62
6362.64
6362.66
6362.68
6362.7
6362.72
6362.74
6362.76
6362.78
6362.8
6362.82
6362.84
6362.86
6362.88
6362.9
6362.92
6362.94
6362.96
6362.98
6363
6363.02
6363.04
6363.06
6363.08
6363.1
6363.12
6363.14
6363.16
6363.18
6363.2
6363.22
6363.24
6363.26
6363.28
6363.3
6363.32
6363.34
6363.36
6363.38
6363.4
6363.42
6363.44
6363.46
6363.48
6363.5
6363.52
6363.54
6363.56
6363.58
6363.6
6363.62
6363.64
6363.66
6363.68
6363.7
6363.72
6363.74
6363.76
6363.78
6363.8
6363.82
6363.84
6363.86
6363.88
6363.9
6363.92
6363.94
6363.96
6363.98
6364
6364.02
6364.04
6364.06
6364.08
6364.1
6364.11
6364.13
6364.15
6364.17
6364.19
6364.21
6364.23
6364.25
6364.27
6364.29
6364.31
6364.33
6364.35
6364.37
6364.39
6364.41
6364.42
6364.44
6364.46
6364.48
6364.5
6364.52
6364.54
6364.56
6364.58
6364.6
6364.62
6364.64
6364.65
6364.67
6364.69
6364.71
6364.73
6364.75
6364.77
6364.79
6364.81
6364.83
6364.84
6364.86
6364.88
6364.9
6364.92
6364.94
6364.96
6364.98
6365
6365.01
6365.03
6365.05
6365.07
6365.09
6365.11
6365.13
6365.15
6365.17
6365.18
6365.2
6365.22
6365.24
6365.26
6365.28
6365.3
6365.31
6365.33
6365.35
6365.37
6365.39
6365.41
6365.43
6365.44
6365.46
6365.48
6365.5
6365.52
6365.54
6365.56
6365.57
6365.59
6365.61
6365.63
6365.65
6365.67
6365.68
6365.7
6365.72
6365.74
6365.76
6365.78
6365.79
6365.81
6365.83
6365.85
6365.87
6365.89
6365.9
6365.92
6365.94
6365.96
6365.98
6366
6366.01
6366.03
6366.05
6366.07
6366.09
6366.1
6366.12
6366.14
6366.16
6366.18
6366.19
6366.21
6366.23
6366.25
6366.27
6366.28
6366.3
6366.32
6366.34
6366.36
6366.37
6366.39
6366.41
6366.43
6366.45
6366.46
6366.48
6366.5
6366.52
6366.53
6366.55
6366.57
6366.59
6366.61
6366.62
6366.64
6366.66
6366.68
6366.69
6366.71
6366.73
6366.75
6366.76
6366.78
6366.8
6366.82
6366.84
6366.85
6366.87
6366.89
6366.91
6366.92
6366.94
6366.96
6366.98
6366.99
6367.01
6367.03
6367.05
6367.06
6367.08
6367.1
6367.12
6367.13
6367.15
6367.17
6367.18
6367.2
6367.22
6367.24
6367.25
6367.27
6367.29
6367.31
6367.32
6367.34
6367.36
6367.37
6367.39
6367.41
6367.43
6367.44
6367.46
6367.48
6367.49
6367.51
6367.53
6367.55
6367.56
6367.58
6367.6
6367.61
6367.63
6367.65
6367.67
6367.68
6367.7
6367.72
6367.73
6367.75
6367.77
6367.78
6367.8
6367.82
6367.83
6367.85
6367.87
6367.89
6367.9
6367.92
6367.94
6367.95
6367.97
6367.99
6368
6368.02
6368.04
6368.05
6368.07
6368.09
6368.1
6368.12
6368.14
6368.15
6368.17
6368.19
6368.2
6368.22
6368.24
6368.25
6368.27
6368.29
6368.3
6368.32
6368.34
6368.35
6368.37
6368.39
6368.4
6368.42
6368.43
6368.45
6368.47
6368.48
6368.5
6368.52
6368.53
6368.55
6368.57
6368.58
6368.6
6368.62
6368.63
6368.65
6368.66
6368.68
6368.7
6368.71
6368.73
6368.75
6368.76
6368.78
6368.79
6368.81
6368.83
6368.84
6368.86
6368.88
6368.89
6368.91
6368.92
6368.94
6368.96
6368.97
6368.99
6369
6369.02
6369.04
6369.05
6369.07
6369.08
6369.1
6369.12
6369.13
6369.15
6369.16
6369.18
6369.2
6369.21
6369.23
6369.24
6369.26
6369.28
6369.29
6369.31
6369.32
6369.34
6369.36
6369.37
6369.39
6369.4
6369.42
6369.43
6369.45
6369.47
6369.48
6369.5
6369.51
6369.53
6369.54
6369.56
6369.58
6369.59
6369.61
6369.62
6369.64
6369.65
6369.67
6369.69
6369.7
6369.72
6369.73
6369.75
6369.76
6369.78
6369.79
6369.81
6369.83
6369.84
6369.86
6369.87
6369.89
6369.9
6369.92
6369.93
6369.95
6369.96
6369.98
6369.99
6370.01
6370.03
6370.04
6370.06
6370.07
6370.09
6370.1
6370.12
6370.13
6370.15
6370.16
6370.18
6370.19
6370.21
6370.22
6370.24
6370.25
6370.27
6370.29
6370.3
6370.32
6370.33
6370.35
6370.36
6370.38
6370.39
6370.41
6370.42
6370.44
6370.45
6370.47
6370.48
6370.5
6370.51
6370.53
6370.54
6370.56
6370.57
6370.59
6370.6
6370.62
6370.63
6370.65
6370.66
6370.68
6370.69
6370.71
6370.72
6370.74
6370.75
6370.77
6370.78
6370.8
6370.81
6370.82
6370.84
6370.85
6370.87
6370.88
6370.9
6370.91
6370.93
6370.94
6370.96
6370.97
6370.99
6371
6371.02
6371.03
6371.05
6371.06
6371.08
6371.09
6371.1
6371.12
6371.13
6371.15
6371.16
6371.18
6371.19
6371.21
6371.22
6371.24
6371.25
6371.26
6371.28
6371.29
6371.31
6371.32
6371.34
6371.35
6371.37
6371.38
6371.39
6371.41
6371.42
6371.44
6371.45
6371.47
6371.48
6371.5
6371.51
6371.52
6371.54
6371.55
6371.57
6371.58
6371.6
6371.61
6371.62
6371.64
6371.65
6371.67
6371.68
6371.69
6371.71
6371.72
6371.74
6371.75
6371.77
6371.78
6371.79
6371.81
6371.82
6371.84
6371.85
6371.86
6371.88
6371.89
6371.91
6371.92
6371.93
6371.95
6371.96
6371.98
6371.99
6372
6372.02
6372.03
6372.05
6372.06
6372.07
6372.09
6372.1
6372.12
6372.13
6372.14
6372.16
6372.17
6372.19
6372.2
6372.21
6372.23
6372.24
6372.26
6372.27
6372.28
6372.3
6372.31
6372.32
6372.34
6372.35
6372.37
6372.38
6372.39
6372.41
6372.42
6372.43
6372.45
6372.46
6372.47
6372.49
6372.5
6372.52
6372.53
6372.54
6372.56
6372.57
6372.58
6372.6
6372.61
6372.62
6372.64
6372.65
6372.67
6372.68
6372.69
6372.71
6372.72
6372.73
6372.75
6372.76
6372.77
6372.79
6372.8
6372.81
6372.83
6372.84
6372.85
6372.87
6372.88
6372.89
6372.91
6372.92
6372.93
6372.95
6372.96
6372.97
6372.99
6373
6373.01
6373.03
6373.04
6373.05
6373.07
6373.08
6373.09
6373.11
6373.12
6373.13
6373.15
6373.16
6373.17
6373.19
6373.2
6373.21
6373.22
6373.24
6373.25
6373.26
6373.28
6373.29
6373.3
6373.32
6373.33
6373.34
6373.36
6373.37
6373.38
6373.39
6373.41
6373.42
6373.43
6373.45
6373.46
6373.47
6373.49
6373.5
6373.51
6373.52
6373.54
6373.55
6373.56
6373.58
6373.59
6373.6
6373.61
6373.63
6373.64
6373.65
6373.67
6373.68
6373.69
6373.7
6373.72
6373.73
6373.74
6373.76
6373.77
6373.78
6373.79
6373.81
6373.82
6373.83
6373.84
6373.86
6373.87
6373.88
6373.9
6373.91
6373.92
6373.93
6373.95
6373.96
6373.97
6373.98
6374
6374.01
6374.02
6374.03
6374.05
6374.06
6374.07
6374.08
6374.1
6374.11
6374.12
6374.13
6374.15
6374.16
6374.17
6374.18
6374.2
6374.21
6374.22
6374.23
6374.25
6374.26
6374.27
6374.28
6374.3
6374.31
6374.32
6374.33
6374.35
6374.36
6374.37
6374.38
6374.4
6374.41
6374.42
6374.43
6374.44
6374.46
6374.47
6374.48
6374.49
6374.51
6374.52
6374.53
6374.54
6374.55
6374.57
6374.58
6374.59
6374.6
6374.62
6374.63
6374.64
6374.65
6374.66
6374.68
6374.69
6374.7
6374.71
6374.72
6374.74
6374.75
6374.76
6374.77
6374.79
6374.8
6374.81
6374.82
6374.83
6374.85
6374.86
6374.87
6374.88
6374.89
6374.91
6374.92
6374.93
6374.94
6374.95
6374.97
6374.98
6374.99
6375
6375.01
6375.02
6375.04
6375.05
6375.06
6375.07
6375.08
6375.1
6375.11
6375.12
6375.13
6375.14
6375.15
6375.17
6375.18
6375.19
6375.2
6375.21
6375.23
6375.24
6375.25
6375.26
6375.27
6375.28
6375.3
6375.31
6375.32
6375.33
6375.34
6375.35
6375.37
6375.38
6375.39
6375.4
6375.41
6375.42
6375.44
6375.45
6375.46
6375.47
6375.48
6375.49
6375.5
6375.52
6375.53
6375.54
6375.55
6375.56
6375.57
6375.59
6375.6
6375.61
6375.62
6375.63
6375.64
6375.65
6375.67
6375.68
6375.69
6375.7
6375.71
6375.72
6375.73
6375.75
6375.76
6375.77
6375.78
6375.79
6375.8
6375.81
6375.83
6375.84
6375.85
6375.86
6375.87
6375.88
6375.89
6375.9
6375.92
6375.93
6375.94
6375.95
6375.96
6375.97
6375.98
6375.99
6376.01
6376.02
6376.03
6376.04
6376.05
6376.06
6376.07
6376.08
6376.09
6376.11
6376.12
6376.13
6376.14
6376.15
6376.16
6376.17
6376.18
6376.19
6376.21
6376.22
6376.23
6376.24
6376.25
6376.26
6376.27
6376.28
6376.29
6376.3
6376.32
6376.33
6376.34
6376.35
6376.36
6376.37
6376.38
6376.39
6376.4
6376.41
6376.43
6376.44
6376.45
6376.46
6376.47
6376.48
6376.49
6376.5
6376.51
6376.52
6376.53
6376.54
6376.56
6376.57
6376.58
6376.59
6376.6
6376.61
6376.62
6376.63
6376.64
6376.65
6376.66
6376.67
6376.68
6376.7
6376.71
6376.72
6376.73
6376.74
6376.75
6376.76
6376.77
6376.78
6376.79
6376.8
6376.81
6376.82
6376.83
6376.84
6376.86
6376.87
6376.88
6376.89
6376.9
6376.91
6376.92
6376.93
6376.94
6376.95
6376.96
6376.97
6376.98
6376.99
6377
6377.01
6377.02
6377.03
6377.05
6377.06
6377.07
6377.08
6377.09
6377.1
6377.11
6377.12
6377.13
6377.14
6377.15
6377.16
6377.17
6377.18
6377.19
6377.2
6377.21
6377.22
6377.23
6377.24
6377.25
6377.26
6377.27
6377.28
6377.29
6377.3
6377.32
6377.33
6377.34
6377.35
6377.36
6377.37
6377.38
6377.39
6377.4
6377.41
6377.42
6377.43
6377.44
6377.45
6377.46
6377.47
6377.48
6377.49
6377.5
6377.51
6377.52
6377.53
6377.54
6377.55
6377.56
6377.57
6377.58
6377.59
6377.6
6377.61
6377.62
6377.63
6377.64
6377.65
6377.66
6377.67
6377.68
6377.69
6377.7
6377.71
6377.72
6377.73
6377.74
6377.75
6377.76
6377.77
6377.78
6377.79
6377.8
6377.81
6377.82
6377.83
6377.84
6377.85
6377.86
6377.87
6377.88
6377.89
6377.9
6377.91
6377.92
6377.93
6377.94
6377.95
6377.96
6377.97
6377.98
6377.99
6378
6378.01
6378.02
6378.03
6378.04
6378.05
6378.06
6378.07
6378.08
6378.09
6378.1
6378.11
6378.12
6378.13
6378.14
6378.14
6378.15
6378.16
6378.17
6378.18
6378.19
6378.2
6378.21
6378.22
6378.23
6378.24
6378.25
6378.26
6378.27
6378.28
6378.29
6378.3
6378.31
6378.32
6378.33
6378.34
6378.35
6378.36
6378.37
6378.38
6378.39
6378.4
6378.4
6378.41
6378.42
6378.43
6378.44
6378.45
6378.46
6378.47
6378.48
6378.49
6378.5
6378.51
6378.52
6378.53
6378.54
6378.55
6378.56
6378.57
6378.58
6378.58
6378.59
6378.6
6378.61
6378.62
6378.63
6378.64
6378.65
6378.66
6378.67
6378.68
6378.69
6378.7
6378.71
6378.72
6378.72
6378.73
6378.74
6378.75
6378.76
6378.77
6378.78
6378.79
6378.8
6378.81
6378.82
6378.83
6378.84
6378.85
6378.85
6378.86
6378.87
6378.88
6378.89
6378.9
6378.91
6378.92
6378.93
6378.94
6378.95
6378.96
6378.96
6378.97
6378.98
6378.99
6379
6379.01
6379.02
6379.03
6379.04
6379.05
6379.06
6379.06
6379.07
6379.08
6379.09
6379.1
6379.11
6379.12
6379.13
6379.14
6379.15
6379.16
6379.16
6379.17
6379.18
6379.19
6379.2
6379.21
6379.22
6379.23
6379.24
6379.25
6379.25
6379.26
6379.27
6379.28
6379.29
6379.3
6379.31
6379.32
6379.33
6379.33
6379.34
6379.35
6379.36
6379.37
6379.38
6379.39
6379.4
6379.41
6379.41
6379.42
6379.43
6379.44
6379.45
6379.46
6379.47
6379.48
6379.48
6379.49
6379.5
6379.51
6379.52
6379.53
6379.54
6379.55
6379.55
